109.2,69.1,3.8,90.0
109.1,69.2,3.8,90.0
109.1,69.2,3.8,90.0
109.1,69.3,3.8,90.0
109.2,69.2,4.0,90.0
109.1,69.3,3.8,90.0
109.2,69.3,3.8,90.0
109.2,69.2,3.8,90.0
109.1,69.2,3.8,90.0
109.1,69.2,3.7,90.0
109.2,69.1,3.7,90.0
109.2,69.1,3.8,90.0
109.1,69.2,3.7,90.0
109.2,69.1,3.8,90.0
109.1,69.2,3.8,90.0
109.1,69.2,3.8,90.0
109.1,69.2,3.5,90.0
109.2,69.1,3.8,90.0
109.1,69.2,3.5,90.0
109.3,69.3,3.8,94.8
109.3,69.3,3.8,94.8
109.3,69.3,3.8,94.8
109.2,69.2,3.8,90.0
109.1,69.2,3.7,90.0
109.2,69.1,3.8,90.0
109.1,69.2,3.8,90.0
109.1,69.2,3.7,90.0
109.2,69.1,3.7,90.0
109.2,69.1,3.7,90.0
109.2,69.3,3.6,90.0
109.2,69.3,3.8,90.0
109.3,69.2,3.8,94.4
109.3,69.2,3.8,94.4
109.1,69.3,3.8,90.0
109.2,69.2,3.8,90.0
109.3,69.2,3.8,94.4
109.1,69.2,3.7,90.0
109.2,69.1,3.8,90.0
109.1,69.3,3.8,90.0
109.2,69.2,3.8,90.0
109.1,69.3,3.8,90.0
109.2,69.3,3.8,90.0
109.2,69.2,3.8,90.0
109.1,69.2,3.7,90.0
109.2,69.1,4.0,90.0
109.1,69.2,3.8,90.0
109.1,69.3,3.6,90.0
109.2,69.3,3.6,90.0
109.2,69.3,3.8,90.0
109.2,69.2,3.8,90.0
109.1,69.2,4.0,90.0
109.1,69.3,3.8,90.0
109.2,69.2,3.8,90.0
109.1,69.2,3.5,90.0
109.2,69.1,3.8,90.0
109.1,69.2,3.8,90.0
109.1,69.3,3.8,90.0
109.2,69.3,3.8,90.0
109.2,69.3,3.8,90.0
109.2,69.2,3.8,90.0
109.1,69.2,3.8,90.0
109.1,69.2,3.8,90.0
109.1,69.3,3.6,90.0
109.2,69.1,3.8,90.0
109.1,69.2,3.8,90.0
109.1,69.3,3.8,90.0
109.3,69.3,3.8,94.8
109.2,69.3,3.6,90.0
109.2,69.1,3.7,90.0
109.3,69.1,3.8,94.4
109.3,69.2,3.8,94.4
109.1,69.2,3.8,90.0
109.1,69.2,3.8,90.0
109.1,69.2,3.8,90.0
109.1,69.2,3.8,90.0
109.1,69.2,3.8,90.0
109.1,69.2,3.7,90.0
109.2,69.1,3.7,90.0
109.2,69.1,3.7,90.0
109.2,69.4,3.6,90.0
109.2,69.4,3.6,90.0
109.2,69.1,3.8,90.0
109.1,69.3,3.8,90.0
109.2,69.2,3.8,90.0
109.1,69.2,3.7,90.0
109.2,69.1,3.7,90.0
109.2,69.3,3.8,90.0
109.2,69.2,3.8,90.0
109.1,69.3,3.8,90.0
109.2,69.2,3.8,90.0
109.1,69.2,3.8,90.0
109.1,69.2,3.8,90.0
109.1,69.2,3.8,90.0
109.3,69.3,3.6,94.8
109.3,69.3,3.6,94.8
109.2,69.1,3.7,90.0
109.2,69.1,3.7,90.0
109.2,69.1,3.8,90.0
109.1,69.2,3.8,90.0
109.1,69.3,3.8,90.0
109.2,69.3,3.8,90.0
109.2,69.2,3.8,90.0
109.1,69.2,3.8,90.0
109.1,69.2,3.8,90.0
109.1,69.2,3.8,90.0
109.1,69.3,3.8,90.0
109.3,69.3,3.8,94.8
109.3,69.2,3.8,94.4
109.3,69.2,3.8,94.4
109.1,69.3,3.8,90.0
109.2,69.3,3.8,90.0
109.2,69.3,3.8,90.0
109.2,69.3,3.8,90.0
109.3,69.2,3.8,94.4
109.3,69.2,3.8,94.4
109.1,69.3,3.8,90.0
109.2,69.2,3.8,90.0
109.1,69.2,3.5,90.0
109.2,69.1,3.5,90.0
109.2,69.3,3.8,90.0
109.2,69.3,3.8,90.0
109.2,69.3,3.8,90.0
109.2,69.2,3.8,90.0
109.1,69.2,3.8,90.0
109.1,69.2,3.8,90.0
109.1,69.3,3.6,90.0
109.2,69.3,3.6,90.0
109.2,69.1,3.8,90.0
109.1,69.2,3.7,90.0
109.2,69.1,3.8,90.0
109.1,69.3,3.6,90.0
109.2,69.3,3.6,90.0
109.2,69.1,4.0,90.0
109.1,69.3,3.9,90.0
109.1,69.3,3.6,90.0
109.2,69.1,3.7,90.0
109.2,69.3,3.5,90.0
109.2,69.3,3.6,90.0
109.2,69.3,3.6,90.0
109.2,69.1,3.7,90.0
109.2,69.3,3.6,90.0
109.2,69.3,3.6,90.0
109.2,69.1,3.7,90.0
109.2,69.1,3.8,90.0
108.9,68.9,3.8,90.0
109.0,68.6,3.7,94.4
109.0,68.6,3.9,94.4
109.0,68.6,3.9,94.4
109.0,67.5,4.9,94.4
108.9,67.6,4.9,94.4
108.9,67.0,5.3,94.4
108.9,67.0,6.0,94.4
109.0,66.7,7.2,99.5
108.9,66.4,8.5,98.7
108.8,65.7,9.7,98.7
108.7,65.8,13.0,98.7
108.5,66.2,14.6,98.7
108.5,65.8,16.7,94.4
108.4,65.5,18.6,94.4
108.3,64.1,20.3,90.0
108.2,64.3,22.0,90.0
108.2,63.2,22.0,94.4
108.2,63.2,23.8,94.4
108.3,62.2,29.2,94.1
107.9,62.9,29.2,94.1
107.9,62.9,29.2,94.1
108.1,61.0,31.1,94.4
108.0,60.9,32.9,94.1
107.9,61.1,35.1,94.1
107.8,60.8,35.1,97.6
107.8,60.8,36.8,97.6
107.8,60.1,38.5,93.8
107.7,60.3,38.6,93.8
107.7,60.4,46.5,93.8
107.5,60.2,48.3,93.6
107.3,60.5,50.5,93.6
107.4,59.8,54.0,93.4
107.3,60.0,54.0,93.6
107.3,60.0,55.5,93.6
107.2,60.2,56.8,93.6
107.1,60.4,58.1,93.6
107.4,60.1,59.3,93.4
107.3,60.2,59.9,93.6
107.2,60.3,59.9,93.6
107.2,60.3,60.7,93.6
107.3,60.4,61.2,93.6
107.3,60.5,61.2,93.6
107.6,60.6,61.8,96.7
107.5,60.7,61.8,96.7
107.6,60.7,62.2,93.4
107.8,61.0,62.3,93.4
107.8,61.0,62.6,93.4
107.9,61.0,62.6,96.7
108.0,61.3,61.6,93.6
108.0,61.4,60.7,93.6
108.1,61.5,59.6,93.6
108.2,61.5,59.6,93.6
108.2,61.5,59.6,93.6
108.2,61.5,59.6,93.6
108.2,61.6,58.7,93.4
108.2,61.6,58.7,97.1
108.1,61.9,57.7,93.4
108.2,61.8,57.1,93.4
108.0,61.8,57.1,93.6
108.0,61.8,55.1,93.6
107.8,61.9,54.9,93.6
107.8,61.9,54.2,93.6
107.8,62.0,54.2,97.1
107.8,62.0,54.2,97.1
107.8,62.0,54.2,97.1
107.7,62.1,53.6,93.8
107.5,62.2,51.3,93.6
107.6,61.9,50.8,97.6
107.6,61.9,50.3,97.6
107.5,62.0,49.4,97.6
107.5,61.9,49.4,93.8
107.5,61.9,49.4,93.8
107.5,61.9,49.1,93.8
107.5,61.9,49.1,93.8
107.2,62.1,48.1,97.6
107.1,62.2,48.1,93.8
107.0,62.2,47.4,97.6
107.1,62.1,47.3,97.6
107.0,62.3,46.6,93.8
107.1,62.2,46.3,93.8
107.1,62.2,46.3,93.8
107.1,62.2,45.6,93.8
107.1,62.2,45.6,93.6
107.1,62.2,45.2,93.6
107.2,62.2,44.9,93.8
107.2,62.2,44.6,93.8
107.2,62.1,44.4,93.8
107.2,62.1,44.3,93.8
107.2,62.1,44.1,93.8
107.2,62.1,44.1,93.8
107.2,62.1,44.1,93.8
107.1,62.3,44.1,97.6
107.1,62.3,43.7,97.6
107.2,62.3,43.7,97.6
107.2,62.3,43.6,97.6
107.2,62.2,43.6,97.6
107.3,62.2,43.3,93.8
107.3,62.2,43.1,93.8
107.2,62.3,43.1,98.1
107.3,62.3,43.1,94.1
107.3,62.3,43.1,94.1
107.3,62.3,43.1,94.1
107.3,62.3,43.1,94.1
107.3,62.4,43.1,93.8
107.3,62.4,43.1,93.8
107.3,62.4,43.1,93.8
107.3,62.4,43.1,93.8
107.3,62.4,43.1,93.8
107.3,62.4,43.0,93.8
107.3,62.5,43.0,94.1
107.3,62.5,43.0,94.1
107.3,62.5,43.1,94.1
107.3,62.7,43.0,93.8
107.3,62.6,43.0,93.8
107.2,62.6,43.0,97.6
107.2,62.6,42.8,97.6
107.2,62.6,42.8,97.6
107.2,62.6,42.8,97.6
107.2,62.6,42.8,97.6
107.1,62.6,42.8,93.8
107.1,62.6,42.7,93.8
107.1,62.6,42.5,101.3
107.1,62.6,42.5,101.3
107.0,62.6,42.5,97.6
107.0,62.6,42.5,97.6
107.3,62.6,42.5,97.6
107.3,62.6,42.5,97.6
107.3,62.6,42.8,97.6
107.2,62.6,42.8,97.6
107.2,62.6,42.8,97.6
107.2,62.6,42.8,97.6
107.2,62.6,42.7,97.6
107.2,62.5,42.5,98.1
107.3,62.5,42.5,98.1
107.3,62.3,42.8,97.6
107.2,62.4,42.7,97.6
107.3,62.4,42.7,93.8
107.3,62.2,42.5,94.1
107.4,62.2,42.5,94.1
107.3,62.1,42.5,97.6
107.3,62.1,42.5,97.6
107.4,62.0,42.5,94.1
107.4,62.0,42.5,94.1
107.4,62.0,42.8,94.1
107.3,61.9,42.8,93.8
107.3,61.7,42.8,93.8
107.3,61.7,43.1,93.8
107.3,61.5,43.1,93.8
107.3,61.5,43.4,93.8
107.3,61.5,43.4,93.8
107.3,61.5,43.7,93.8
107.3,61.6,43.7,93.8
107.3,61.6,44.1,93.8
107.2,61.6,44.4,93.8
107.2,61.7,44.4,93.8
107.2,61.7,44.6,93.8
107.2,61.6,45.0,93.6
107.2,61.6,45.1,93.6
107.2,61.6,45.4,93.6
107.1,61.7,45.9,93.6
107.2,61.7,46.0,97.1
107.2,61.8,46.0,97.1
107.2,61.8,46.2,97.1
107.2,61.8,46.3,97.1
107.2,61.8,46.6,97.1
107.2,61.8,46.8,97.1
107.1,61.9,46.9,97.1
107.1,61.9,47.0,97.1
107.4,61.9,47.2,93.6
107.4,61.9,47.5,93.6
107.4,62.1,47.8,93.8
107.4,62.1,47.8,93.8
107.4,62.1,47.9,93.8
107.4,62.2,48.2,93.8
107.3,62.2,48.4,93.8
107.3,62.2,48.7,93.8
107.3,62.3,48.8,93.8
107.3,62.3,49.0,93.8
107.3,62.3,49.3,93.8
107.3,62.3,49.4,93.8
107.1,62.5,49.6,97.1
107.1,62.5,49.9,97.1
107.1,62.5,49.9,97.1
107.1,62.5,49.9,97.1
107.0,62.8,49.9,93.6
107.0,62.8,50.0,93.6
107.0,62.8,50.2,93.6
107.0,62.8,50.6,93.6
107.1,62.9,50.6,90.0
107.1,62.9,50.9,90.0
107.0,62.9,51.2,90.0
107.1,62.7,51.2,93.6
107.1,62.7,51.2,93.6
107.1,62.7,51.3,93.6
107.1,62.7,51.3,93.6
107.1,62.7,51.5,93.6
107.4,62.4,52.2,90.0
107.3,62.5,52.2,90.0
107.3,62.5,52.3,90.0
107.3,62.5,52.3,90.0
107.6,62.0,52.5,93.6
107.6,62.0,52.6,93.6
107.6,62.0,53.3,93.6
107.5,62.1,53.8,93.6
108.0,61.9,53.8,90.0
108.0,61.9,54.3,90.0
108.0,61.9,54.8,90.0
107.9,62.0,54.8,90.0
108.3,61.7,54.9,90.0
108.3,61.7,54.9,90.0
108.3,61.7,55.6,90.0
108.3,61.8,56.1,90.0
108.8,61.8,55.9,90.0
108.8,61.7,55.9,90.0
108.8,61.7,56.1,90.0
109.4,61.9,56.7,90.0
109.3,62.0,56.7,90.0
109.3,62.0,57.3,90.0
109.7,62.5,57.3,90.0
109.7,62.5,57.3,90.0
110.1,62.9,57.8,82.9
110.0,63.0,58.1,82.9
110.3,63.4,58.1,86.2
110.3,63.4,58.3,86.2
110.5,63.9,58.8,86.4
110.4,64.0,58.8,86.4
110.4,64.0,58.8,86.4
110.6,65.0,59.2,86.6
110.6,65.0,59.3,86.6
110.6,65.1,59.3,86.6
111.0,66.1,59.6,86.6
110.9,66.2,60.2,86.6
111.0,67.1,60.3,90.0
111.0,67.1,60.3,90.0
111.0,67.1,60.3,90.0
111.0,68.3,60.4,86.4
111.0,68.3,60.4,86.4
111.0,69.3,60.8,86.6
111.0,69.3,60.8,86.6
111.1,70.3,61.5,90.0
111.0,70.4,61.2,90.0
111.0,71.3,61.8,90.0
111.0,71.4,62.1,90.0
111.1,72.4,62.2,86.4
111.0,72.4,62.2,86.4
111.0,72.4,62.2,86.4
111.1,73.4,62.3,90.0
111.1,73.4,62.3,90.0
111.1,74.5,62.3,90.0
111.1,74.5,62.3,90.0
111.1,76.1,62.5,90.0
111.1,76.1,62.5,90.0
111.2,77.2,62.6,86.6
111.2,77.2,62.6,86.6
111.3,78.5,62.7,90.0
111.3,78.5,62.7,90.0
111.3,78.5,62.7,90.0
111.5,79.5,62.9,90.0
111.6,80.7,63.5,90.0
111.9,81.9,64.2,86.6
111.8,81.9,63.9,86.6
111.8,81.9,63.9,86.6
111.8,81.9,64.1,86.6
112.2,83.2,64.4,86.6
112.5,84.3,64.8,86.6
112.5,84.3,64.8,86.6
112.5,84.3,64.7,86.6
112.8,85.3,64.8,90.0
112.8,85.3,64.8,90.0
113.4,87.2,65.0,86.6
113.4,87.2,65.0,86.6
113.7,88.5,65.1,90.0
113.7,88.5,65.1,90.0
114.0,89.5,65.3,83.3
114.0,89.5,65.3,83.3
114.0,89.5,65.1,83.3
114.5,90.6,65.1,86.6
114.5,90.6,64.9,86.6
114.7,91.6,65.0,86.6
114.7,91.6,64.8,86.6
115.1,92.5,64.9,86.6
115.1,92.5,65.1,86.6
115.3,92.9,65.2,86.6
115.3,92.9,65.2,86.6
115.4,93.1,65.2,86.6
115.4,93.1,65.3,86.6
115.4,93.1,65.7,86.6
115.5,92.9,65.6,90.0
115.5,92.9,66.0,90.0
115.4,92.5,65.9,90.0
115.5,92.4,66.2,86.8
115.5,92.4,66.4,86.8
115.4,91.9,66.5,83.7
115.4,91.9,66.5,83.7
115.6,91.4,66.5,83.3
115.6,91.0,66.4,83.3
115.6,91.0,66.4,83.3
115.6,91.0,66.4,83.3
115.6,91.0,66.6,83.3
115.7,90.6,66.5,83.3
115.7,90.6,66.7,83.3
115.7,90.4,66.7,83.3
115.7,90.2,66.6,83.3
115.8,90.2,66.6,80.0
115.8,90.2,66.6,80.0
115.8,90.2,66.6,80.0
115.9,90.0,66.8,83.3
115.9,90.0,66.8,83.3
116.0,89.9,66.8,79.4
116.0,89.9,66.9,79.4
116.0,89.9,66.8,79.4
116.1,89.9,66.9,82.9
116.1,89.9,66.8,82.9
116.2,89.9,66.9,79.4
116.2,89.9,67.6,82.9
116.2,89.9,67.1,82.9
116.2,89.9,67.1,82.9
116.2,89.9,67.1,82.9
116.2,89.9,67.1,82.9
116.2,89.9,66.9,82.9
116.2,89.9,66.9,82.9
116.2,90.0,67.3,80.0
116.2,90.1,67.3,82.9
116.1,90.2,67.6,80.0
116.1,90.2,67.6,80.0
116.1,90.3,67.6,79.4
116.1,90.3,67.6,79.4
116.0,90.4,67.8,83.3
115.9,90.6,67.8,83.3
115.8,90.6,67.8,80.0
115.8,90.6,68.0,80.0
115.8,90.6,68.0,80.0
115.8,90.6,68.2,80.0
115.6,90.8,68.2,80.0
115.6,90.8,68.0,80.0
115.6,90.8,68.2,80.0
115.6,90.8,68.2,80.0
115.4,91.0,68.2,80.0
115.4,91.0,68.2,80.0
115.4,91.0,68.2,80.0
115.4,91.0,68.5,80.0
115.4,91.2,68.6,80.0
115.4,91.2,68.4,80.0
115.3,91.2,68.4,83.3
115.3,91.4,68.3,83.3
115.2,91.4,68.6,80.0
115.2,91.6,68.3,80.0
115.2,91.6,68.3,80.0
115.2,91.6,68.3,80.0
115.0,91.8,67.8,80.0
114.9,91.8,67.8,80.0
114.9,92.0,67.4,80.0
115.0,92.0,66.9,80.0
114.9,92.0,66.5,80.0
114.7,92.3,66.6,80.0
114.2,92.5,66.4,83.3
114.2,92.5,66.4,80.0
114.0,92.6,66.3,79.4
114.0,92.6,65.4,79.4
113.9,92.5,65.4,80.0
113.9,92.5,65.1,80.0
113.8,92.5,64.3,80.0
113.4,92.3,64.3,76.8
113.4,92.3,63.9,76.8
113.4,92.3,63.4,76.8
113.3,92.2,63.4,76.0
113.3,92.2,62.6,76.0
113.3,92.2,62.4,79.4
113.1,92.1,61.9,80.0
113.2,92.1,61.3,80.0
113.2,92.1,61.0,83.3
113.2,92.1,60.3,83.3
113.3,92.1,60.0,83.3
113.1,92.0,59.8,76.0
113.1,92.0,59.3,76.0
113.2,92.0,59.3,76.0
113.2,92.0,58.8,76.0
113.1,91.8,58.8,76.0
113.1,91.8,58.8,76.0
113.1,91.8,58.3,76.0
112.9,91.8,57.6,76.0
113.0,91.8,57.0,76.0
113.1,91.8,57.0,76.0
113.1,91.8,56.8,76.0
113.1,91.8,56.0,76.0
113.1,91.8,55.7,79.4
113.1,91.8,55.5,79.4
113.1,91.8,55.5,79.4
113.1,91.8,55.0,79.4
113.2,91.8,55.0,79.4
113.2,91.8,54.7,79.4
113.2,91.8,54.7,79.4
113.2,91.8,54.2,79.4
113.3,91.9,54.0,79.4
113.3,92.0,54.0,78.7
113.3,92.0,53.9,78.7
113.3,91.9,53.9,79.4
113.3,91.9,53.5,79.4
113.1,92.1,53.6,79.4
113.1,92.1,53.6,79.4
113.1,92.1,53.4,79.4
113.2,92.2,53.1,78.7
113.1,92.2,53.1,82.4
113.1,92.2,52.9,82.4
113.0,92.3,52.6,79.4
113.0,92.3,52.6,79.4
113.0,92.3,52.4,79.4
113.1,92.3,52.1,79.4
113.1,92.3,51.8,79.4
113.1,92.4,51.8,78.7
112.9,92.5,51.8,79.4
112.9,92.5,51.0,79.4
113.0,92.7,50.5,78.7
113.0,92.7,50.1,82.4
113.0,92.7,50.0,82.4
112.9,92.7,50.0,78.7
112.9,92.7,49.8,78.7
112.8,92.8,49.8,82.9
112.8,93.0,49.8,82.9
112.8,93.1,49.8,82.4
112.7,93.1,49.8,86.2
112.8,93.1,50.0,82.4
112.9,93.5,50.0,79.4
112.9,93.5,50.2,79.4
112.8,93.5,50.0,82.9
112.8,93.5,50.0,82.9
112.8,93.6,50.5,82.4
112.8,93.6,50.5,82.4
112.8,93.6,50.7,82.4
112.7,93.6,50.7,82.4
112.7,93.6,50.9,82.4
112.7,93.6,50.9,82.4
112.8,93.9,51.2,79.4
112.7,93.7,51.4,82.9
112.7,93.7,51.4,82.9
112.7,93.9,51.5,82.9
112.7,93.9,51.5,82.9
112.7,93.9,51.5,82.9
112.7,93.9,51.7,82.9
112.4,93.9,51.9,82.9
112.4,93.9,51.9,82.9
112.2,93.9,51.9,82.9
112.2,94.0,51.9,82.4
112.1,94.1,51.9,79.4
112.0,94.1,51.7,82.9
112.0,94.1,51.7,82.9
112.0,94.1,51.7,82.9
111.8,94.0,51.7,82.4
111.6,94.1,51.7,82.9
111.6,94.1,51.4,82.9
111.2,94.1,51.4,79.4
111.0,94.1,51.4,79.4
111.0,94.1,51.4,79.4
110.7,94.2,51.4,86.2
110.6,94.1,51.5,82.9
110.4,94.1,51.4,82.9
110.4,94.1,51.4,82.9
110.3,94.2,51.6,86.2
109.9,94.1,51.4,86.4
109.9,94.1,51.4,86.4
109.9,94.1,51.4,86.4
109.7,94.0,51.4,86.2
109.7,94.0,51.4,86.2
109.7,93.9,51.4,86.4
109.7,93.9,51.4,86.4
109.7,93.9,51.4,86.4
109.5,93.7,51.4,93.6
109.5,93.7,51.4,93.6
109.4,93.7,51.5,90.0
109.4,93.5,51.5,90.0
109.4,93.5,51.5,90.0
109.3,93.2,51.5,93.6
109.3,93.1,51.5,93.4
109.3,93.1,51.3,93.4
109.2,93.0,51.3,90.0
109.1,92.8,51.3,93.6
109.1,92.8,51.3,93.6
109.1,92.7,51.1,93.4
109.1,92.7,50.8,93.4
109.1,92.7,50.8,96.7
109.1,92.7,50.8,96.7
109.1,92.7,50.8,96.7
109.1,92.7,50.8,96.7
109.1,92.7,50.8,96.7
109.1,92.7,50.6,96.7
109.1,92.7,50.6,96.7
109.1,92.7,50.6,96.7
109.1,92.8,50.5,97.1
109.1,92.8,50.3,97.1
109.1,92.8,50.3,97.1
109.1,92.8,50.3,97.1
109.1,93.0,50.3,97.1
109.1,93.0,50.3,97.1
109.3,93.2,50.3,97.1
109.4,93.4,50.3,93.4
109.4,93.4,50.3,93.4
109.5,93.7,50.4,97.1
109.5,93.7,50.4,97.1
109.7,94.2,50.4,97.1
109.7,94.2,50.4,97.1
109.8,94.3,50.4,93.8
109.8,94.3,50.4,93.8
109.8,94.3,50.4,93.8
109.9,94.4,50.4,97.1
110.1,94.6,50.4,97.1
110.1,94.6,50.4,97.1
110.2,94.6,50.4,93.6
110.2,94.6,50.4,93.6
110.4,94.8,50.6,93.6
110.4,95.1,50.8,93.6
110.4,95.1,50.8,93.6
110.5,95.1,50.8,97.1
110.5,95.1,50.9,97.1
110.5,95.0,50.9,97.1
110.7,95.0,50.9,97.1
110.7,95.0,50.9,97.1
110.8,94.9,51.1,93.4
110.8,94.9,51.3,93.4
110.9,94.7,51.4,90.0
110.8,94.7,51.4,90.0
110.8,94.6,51.6,90.0
110.8,94.6,51.6,90.0
110.9,94.6,51.4,93.6
110.9,94.6,51.4,93.6
110.8,94.1,51.4,90.0
110.8,94.1,51.4,90.0
110.8,94.1,51.5,90.0
110.7,93.9,51.5,86.4
110.4,93.7,51.5,90.0
110.4,93.7,51.5,90.0
110.4,93.7,51.5,90.0
110.3,93.6,51.5,86.6
110.1,93.2,51.5,86.4
110.1,93.2,51.5,86.4
110.0,93.2,51.3,82.9
110.0,93.2,51.5,82.9
109.7,93.0,51.5,79.4
109.6,93.0,51.3,82.9
109.6,93.0,51.3,82.9
109.6,93.0,51.3,82.9
109.6,93.0,51.3,82.9
109.5,93.0,51.3,79.4
109.5,93.0,51.3,79.4
109.6,93.0,51.3,76.0
109.6,93.0,51.5,76.0
109.6,93.0,51.5,76.0
109.6,93.0,51.5,76.0
109.8,93.2,51.5,76.0
109.9,93.2,51.5,79.4
109.9,93.2,51.7,79.4
109.9,93.3,51.7,78.7
109.9,93.3,51.5,78.7
110.0,93.6,51.8,75.1
110.0,93.6,51.8,75.1
110.1,93.9,51.9,72.6
110.1,93.9,51.7,72.6
110.1,93.9,51.7,72.6
110.0,94.2,51.7,75.1
109.9,94.6,51.7,72.6
109.9,94.6,51.6,72.6
109.8,94.6,51.6,76.0
109.8,94.6,51.6,76.0
109.8,94.6,51.4,76.0
109.7,94.8,51.4,72.6
109.7,94.8,51.3,72.6
109.4,95.2,50.9,75.1
109.5,95.2,50.9,75.1
109.5,95.2,50.8,75.1
109.4,95.2,50.8,71.6
109.4,95.2,50.9,71.6
109.4,95.2,50.9,71.6
109.3,95.2,50.9,75.1
109.3,95.2,50.9,75.1
109.2,95.2,50.8,71.6
109.2,95.2,50.8,71.6
109.2,95.2,50.8,71.6
109.2,95.2,50.9,71.6
109.2,95.2,51.1,71.6
109.1,95.2,51.1,71.6
109.1,95.2,51.4,71.6
109.1,95.1,51.4,71.6
109.1,95.1,51.4,71.6
109.1,95.1,51.8,71.6
109.3,95.1,51.8,71.6
109.3,95.1,51.9,71.6
109.3,95.1,52.3,71.6
109.2,95.1,52.4,71.6
109.3,95.1,52.4,68.2
109.3,95.1,52.4,75.1
109.3,95.1,52.4,75.1
109.4,95.1,52.4,71.6
109.4,94.9,52.4,71.6
109.4,94.9,52.4,71.6
109.3,94.9,52.3,75.1
109.4,94.9,52.1,75.1
109.5,94.8,51.6,72.6
109.5,94.8,51.6,72.6
109.3,94.7,51.6,71.6
109.3,94.7,51.6,71.6
109.3,94.7,51.6,71.6
109.3,94.7,51.6,71.6
109.3,94.7,51.2,71.6
109.1,94.6,51.2,72.6
109.1,94.6,51.1,72.6
109.2,94.6,51.1,72.6
108.9,94.6,51.1,72.6
108.9,94.5,51.1,71.6
108.6,94.5,51.1,68.2
108.6,94.5,50.9,68.2
108.4,94.3,51.1,71.6
108.3,94.3,51.1,71.6
108.3,94.3,50.9,71.6
108.1,94.3,51.1,68.2
108.0,94.3,51.1,68.2
108.0,94.3,51.2,68.2
107.6,94.1,51.4,69.4
107.6,94.1,51.4,69.4
107.6,94.0,51.4,68.2
107.6,94.0,51.5,68.2
107.5,93.9,51.7,72.6
107.5,93.8,52.2,71.6
107.3,93.8,52.2,68.2
107.3,93.8,52.2,68.2
107.3,93.8,52.4,68.2
107.3,93.8,52.4,68.2
107.3,93.8,52.4,68.2
107.3,93.8,52.2,68.2
107.3,93.8,52.2,68.2
107.4,93.8,51.9,65.0
107.5,93.8,51.5,65.0
107.5,93.8,51.5,65.0
107.6,93.7,51.5,69.4
107.6,93.7,51.2,69.4
107.6,93.7,51.2,69.4
108.0,93.8,51.2,68.2
108.1,93.8,51.2,71.6
108.2,93.8,50.9,75.1
108.3,93.8,50.9,75.1
108.4,93.8,50.9,71.6
108.4,93.8,50.9,71.6
108.5,93.8,50.9,68.2
108.6,93.8,50.9,71.6
108.6,93.8,50.9,71.6
108.8,93.9,50.9,72.6
109.0,94.0,50.9,71.6
109.0,94.0,50.9,71.6
109.2,94.1,50.9,72.6
109.2,94.1,50.9,72.6
109.2,94.1,50.9,72.6
109.2,94.3,51.2,71.6
109.1,94.3,51.2,71.6
109.1,94.3,51.2,71.6
109.1,94.3,51.2,71.6
109.1,94.4,51.6,72.6
109.1,94.4,51.6,72.6
109.0,94.4,51.6,76.0
109.0,94.4,51.7,76.0
109.0,94.5,51.9,75.1
109.0,94.5,51.9,75.1
109.0,94.5,51.9,75.1
108.8,94.5,51.7,75.1
108.8,94.5,51.6,75.1
108.5,94.5,51.6,71.6
108.4,94.5,51.2,75.1
108.3,94.4,51.2,79.4
108.2,94.3,51.2,75.1
108.1,94.4,51.1,72.6
107.8,94.3,51.1,75.1
107.8,94.3,50.9,75.1
107.8,94.3,50.9,75.1
107.6,94.3,50.9,75.1
107.6,94.3,50.9,75.1
107.6,94.3,50.9,75.1
107.4,94.1,50.6,76.0
107.3,94.2,50.6,76.0
107.3,94.2,50.6,76.0
107.2,94.0,50.5,78.7
107.2,94.0,50.5,78.7
107.0,93.9,50.4,79.4
107.0,93.9,50.4,79.4
107.0,93.9,50.5,79.4
107.0,93.8,50.4,78.7
107.0,93.8,50.7,78.7
106.9,93.8,50.7,78.7
106.9,93.7,50.9,79.4
107.0,93.7,50.9,82.9
107.0,93.7,50.9,82.9
107.0,93.7,51.0,82.9
107.0,93.7,50.9,82.9
107.0,93.7,51.2,82.9
107.1,93.7,51.2,79.4
107.1,93.7,51.4,79.4
107.1,93.7,51.4,79.4
107.1,93.7,51.5,79.4
107.1,93.7,51.5,79.4
107.3,93.9,51.5,79.4
107.3,93.9,51.5,79.4
107.3,93.9,51.5,79.4
107.3,93.9,51.5,79.4
107.3,93.9,51.7,79.4
107.3,93.9,51.9,79.4
107.3,94.0,51.9,78.7
107.3,94.1,51.9,79.4
107.2,94.1,52.0,82.9
107.1,94.1,52.0,82.9
107.1,94.2,52.2,82.4
107.1,94.2,52.0,82.4
107.1,94.2,52.2,82.4
107.0,94.5,51.9,78.7
107.1,94.5,51.9,78.7
107.1,94.5,51.6,78.7
107.1,94.5,51.6,78.7
107.1,94.5,51.6,78.7
107.1,94.5,51.6,78.7
107.1,94.5,51.2,78.7
107.1,94.5,51.4,78.7
107.1,94.2,51.2,78.7
107.1,94.1,50.9,79.4
107.1,94.1,50.9,79.4
107.1,94.1,50.7,79.4
107.1,94.3,50.7,78.7
107.1,94.1,50.9,79.4
107.0,94.1,50.9,82.9
107.0,94.1,50.6,82.9
107.1,94.3,50.6,82.4
107.0,94.2,50.6,79.4
107.0,94.2,50.7,79.4
106.9,94.1,50.7,79.4
106.9,94.1,50.7,79.4
106.6,93.7,50.9,82.9
106.6,93.7,50.9,82.9
106.5,93.5,50.8,79.4
106.5,93.5,51.5,79.4
106.4,93.3,51.5,82.4
106.4,93.3,51.7,82.4
106.4,93.2,52.0,82.9
106.2,93.0,52.3,79.4
106.2,92.8,52.3,79.4
106.2,92.8,52.3,79.4
106.0,92.7,52.3,78.7
106.0,92.7,52.4,78.7
106.0,92.5,52.4,79.4
106.0,92.4,52.4,78.7
106.0,92.4,52.4,78.7
105.9,92.2,52.2,75.1
105.9,92.2,52.2,75.1
105.9,92.1,52.1,82.9
105.9,92.1,51.6,82.9
106.0,92.1,51.6,82.9
105.9,92.1,51.4,79.4
105.9,92.1,51.4,79.4
106.0,92.1,51.3,76.0
106.0,92.1,50.9,76.0
106.0,92.1,50.8,76.0
106.1,92.2,50.8,78.7
106.1,92.2,50.8,78.7
106.1,92.2,50.8,78.7
106.2,92.3,50.8,76.0
106.2,92.4,50.6,75.1
106.2,92.5,50.6,75.1
106.2,92.5,50.6,75.1
106.2,92.5,50.5,75.1
106.5,92.8,50.5,76.0
106.5,92.8,50.6,76.0
106.4,92.8,50.8,76.0
106.4,92.8,51.0,76.0
106.5,92.9,51.0,78.7
106.6,92.9,51.0,75.1
106.6,92.9,51.3,75.1
106.6,93.0,51.3,76.0
106.6,93.0,51.5,76.0
106.7,93.0,51.5,79.4
106.7,93.0,52.3,79.4
106.7,93.1,52.3,75.1
106.7,93.1,52.3,75.1
106.7,93.1,52.3,75.1
106.7,93.2,52.3,76.0
106.7,93.1,52.5,75.1
106.6,93.0,52.5,79.4
106.6,93.0,52.3,79.4
106.6,93.0,52.3,79.4
106.6,93.0,52.1,79.4
106.4,93.0,52.1,79.4
106.4,93.0,51.8,79.4
106.5,92.8,51.5,79.4
106.5,92.8,51.5,79.4
106.5,92.6,51.4,79.4
106.5,92.6,51.4,79.4
106.5,92.6,51.3,79.4
106.4,92.4,51.1,82.4
106.1,92.2,50.8,78.7
106.1,92.2,50.8,78.7
106.1,92.1,50.8,79.4
106.1,92.1,50.8,79.4
106.1,92.1,50.8,79.4
105.9,92.1,50.8,79.4
105.9,92.1,50.8,79.4
105.8,91.9,50.7,82.9
105.8,91.9,50.7,82.9
105.8,91.9,50.7,82.9
105.8,91.9,50.7,82.9
105.8,92.1,50.9,82.9
105.8,92.1,50.9,82.9
105.8,92.1,50.9,82.9
105.7,92.1,51.3,86.4
105.7,92.1,51.4,86.4
105.7,92.1,51.1,86.4
105.8,92.2,51.1,83.3
105.8,92.2,51.6,83.3
105.9,92.3,51.6,86.4
105.9,92.3,51.6,86.4
106.0,92.4,51.8,83.3
106.0,92.4,52.1,83.3
105.9,92.4,52.1,83.3
105.8,92.8,52.1,86.4
105.8,92.8,52.1,86.4
105.8,92.8,52.1,86.4
105.9,92.7,51.9,83.3
105.9,92.7,51.8,83.3
106.0,93.0,51.8,82.9
106.0,93.0,51.8,82.9
106.0,93.0,51.5,82.9
105.9,93.2,51.3,86.4
105.9,93.2,51.2,86.4
105.7,93.2,51.2,86.4
105.7,93.2,51.0,86.4
105.7,93.2,50.7,86.4
105.7,93.4,50.5,86.2
105.7,93.4,50.5,86.2
105.5,93.4,50.5,86.2
105.5,93.4,50.5,86.2
105.1,93.5,50.5,86.4
105.1,93.5,50.3,86.4
105.0,93.4,50.0,90.0
105.1,93.4,50.0,90.0
105.1,93.4,50.0,90.0
105.1,93.5,49.9,90.0
105.1,93.5,49.9,90.0
105.1,93.5,49.9,90.0
105.1,93.5,49.9,90.0
104.9,93.4,49.8,90.0
104.9,93.4,49.8,90.0
104.9,93.5,49.9,90.0
104.9,93.5,49.9,90.0
104.9,93.5,49.9,90.0
104.9,93.7,49.9,90.0
104.9,93.7,49.9,90.0
105.0,93.7,50.0,86.4
105.0,93.7,50.0,86.4
105.1,93.8,50.0,90.0
105.1,93.8,50.0,90.0
105.1,94.2,50.1,90.0
105.1,94.2,50.2,90.0
105.0,94.5,50.2,90.0
105.1,94.6,50.4,86.4
105.2,95.3,50.5,90.0
105.2,95.3,50.6,90.0
105.4,95.4,50.6,90.0
105.4,95.4,50.6,90.0
105.6,96.2,50.8,90.0
105.6,96.2,50.8,90.0
105.8,97.0,51.1,90.0
105.8,97.0,51.2,90.0
105.8,97.0,51.1,90.0
106.0,98.0,51.3,90.0
106.0,98.0,51.3,90.0
106.2,98.4,51.3,90.0
106.2,98.9,51.3,90.0
106.2,98.9,51.3,90.0
106.4,100.2,51.3,90.0
106.4,100.2,51.3,90.0
106.5,101.3,51.3,93.8
106.5,101.7,51.3,93.8
106.5,101.7,51.3,93.8
106.6,102.8,51.4,90.0
106.6,102.8,51.4,90.0
106.6,104.1,51.5,97.1
106.6,104.1,51.7,97.1
106.6,104.1,51.5,97.1
106.7,104.6,51.7,93.4
106.7,104.6,51.5,93.4
106.6,105.9,51.6,97.1
106.6,105.9,51.6,97.1
106.6,105.9,51.6,97.1
106.5,107.8,51.5,93.8
106.5,107.8,51.5,93.8
106.5,107.8,51.4,93.8
106.5,107.8,51.2,93.8
106.4,109.2,50.9,97.6
106.4,109.2,50.9,97.6
106.4,109.2,50.9,97.6
106.2,110.7,51.0,97.1
106.2,112.0,50.9,97.1
106.0,112.9,51.1,97.1
106.0,112.9,51.1,97.1
106.0,112.9,50.4,97.1
106.1,113.0,50.4,97.1
106.1,113.0,50.4,97.1
106.2,113.7,50.5,100.6
105.8,115.3,50.5,97.1
105.8,115.2,50.5,97.1
105.7,115.9,50.6,100.6
105.7,115.9,50.6,100.6
105.7,115.9,50.8,100.6
105.7,115.9,50.8,100.6
105.7,115.9,50.9,100.6
105.4,118.2,51.1,97.6
105.4,118.2,51.4,97.6
105.4,118.2,51.4,97.6
105.3,119.0,51.5,100.6
105.3,119.0,51.5,100.6
105.2,119.3,52.2,104.9
105.1,119.2,52.0,104.9
105.1,119.1,51.8,104.0
105.1,119.1,51.5,104.0
105.0,119.0,51.3,104.0
105.1,118.8,51.5,100.6
105.0,118.3,51.3,104.0
105.0,118.3,51.4,104.0
104.9,118.1,51.4,100.6
104.8,117.6,51.4,104.0
104.7,117.5,51.4,101.3
104.7,117.5,51.2,101.3
104.1,117.2,51.2,100.6
104.1,117.2,51.2,100.6
103.9,117.2,51.0,100.6
103.9,117.2,51.0,100.6
103.7,117.2,50.8,100.6
103.7,117.2,50.8,100.6
103.6,117.2,50.8,104.0
103.4,117.4,50.8,97.6
103.3,117.4,50.1,101.3
103.3,117.5,50.1,101.3
103.2,117.7,50.3,97.6
103.0,117.8,50.1,97.1
103.0,117.9,50.5,97.6
103.0,118.0,50.5,97.1
103.0,118.0,50.5,97.1
102.8,118.2,50.5,97.1
102.8,118.4,50.7,97.1
102.8,118.6,50.9,97.1
102.8,118.6,50.9,97.1
102.9,119.3,51.0,93.6
102.9,119.3,51.1,93.6
102.9,119.2,51.3,93.6
103.0,119.3,51.3,93.8
103.0,119.5,51.3,93.8
103.0,119.5,51.3,93.8
103.0,119.7,51.3,93.6
103.2,119.9,51.3,93.6
103.2,120.0,51.4,93.4
103.2,120.0,51.4,93.4
103.5,120.1,51.4,93.6
103.8,120.2,51.4,90.0
104.0,120.6,51.4,90.0
104.3,120.6,51.4,93.6
104.3,120.6,51.4,93.6
104.6,120.6,51.4,90.0
104.6,120.6,51.6,90.0
104.6,120.5,51.7,90.0
104.6,120.5,51.9,86.4
104.8,120.5,51.7,86.4
104.8,120.5,51.7,86.4
105.0,120.5,51.6,86.4
105.2,120.5,51.6,90.0
105.2,120.5,51.7,90.0
105.1,120.5,51.7,90.0
105.1,120.5,51.7,90.0
105.4,120.3,51.7,90.0
105.4,120.3,51.6,90.0
105.3,120.1,51.2,86.4
105.3,120.1,51.4,86.4
105.2,120.1,51.2,90.0
105.2,120.1,51.2,90.0
105.2,120.1,50.8,90.0
105.1,120.0,50.3,93.6
105.1,120.0,50.1,93.6
105.1,119.8,50.1,90.0
105.1,119.8,49.9,90.0
104.9,119.9,50.1,90.0
104.9,119.8,50.1,90.0
104.6,119.7,50.1,90.0
104.6,119.7,50.1,90.0
104.6,119.6,49.7,90.0
104.6,119.6,49.9,93.8
104.6,119.5,49.9,93.8
104.3,119.5,49.9,90.0
104.3,119.5,49.9,90.0
104.0,119.4,49.9,90.0
104.0,119.4,49.7,90.0
103.9,119.5,49.5,90.0
103.6,119.5,49.5,93.6
103.6,119.5,49.5,93.6
103.5,119.5,49.7,90.0
103.4,119.5,49.7,90.0
103.3,119.5,49.5,93.6
103.4,119.5,49.3,93.6
103.2,119.6,49.3,86.2
103.2,119.6,49.0,86.2
103.1,119.6,48.8,90.0
103.1,119.6,48.8,90.0
103.1,119.7,48.8,90.0
103.1,119.7,48.4,90.0
103.0,119.8,48.4,86.2
103.0,119.8,48.6,86.2
103.0,119.8,48.4,86.4
103.0,119.9,48.4,86.4
103.0,119.9,48.4,86.4
103.0,119.9,48.4,86.4
103.1,119.9,48.4,90.0
103.1,119.9,48.4,90.0
103.1,119.8,48.4,90.0
103.1,119.8,48.4,90.0
103.1,119.8,48.4,90.0
103.1,119.8,48.4,90.0
103.3,119.8,48.4,90.0
103.3,119.8,48.4,90.0
103.3,119.8,48.6,90.0
103.3,119.7,48.4,90.0
103.5,119.6,48.4,90.0
103.5,119.6,48.4,90.0
103.5,119.6,48.6,90.0
103.5,119.6,48.4,90.0
103.5,119.6,48.4,90.0
103.5,119.6,48.4,90.0
103.6,119.5,48.6,86.2
103.6,119.5,48.6,86.2
103.7,119.3,48.4,90.0
103.6,119.2,48.4,86.4
103.6,119.2,48.4,86.4
103.6,119.2,48.4,86.4
103.6,119.2,48.2,86.4
103.6,119.2,48.1,86.4
103.5,119.2,47.7,90.0
103.6,119.3,47.3,90.0
103.6,119.3,47.3,90.0
103.6,119.3,47.2,90.0
103.6,119.4,47.2,90.0
103.6,119.4,47.0,90.0
103.4,119.4,47.2,90.0
103.4,119.4,47.2,90.0
103.2,119.4,47.2,90.0
103.2,119.4,47.0,90.0
103.2,119.4,46.8,90.0
103.1,119.5,46.8,86.2
103.0,119.5,46.8,90.0
103.0,119.5,46.8,90.0
102.9,119.5,46.4,86.2
102.8,119.6,46.3,90.0
102.7,119.6,45.7,86.2
102.7,119.7,45.7,86.2
102.7,119.7,45.7,86.2
102.7,119.7,45.5,86.2
102.6,119.7,45.7,90.0
102.4,119.6,45.7,90.0
102.4,119.6,45.5,90.0
102.4,119.6,45.5,90.0
102.4,119.6,45.2,90.0
102.2,119.7,45.0,90.0
102.3,119.7,45.0,90.0
102.3,119.6,44.8,90.0
102.3,119.6,44.6,90.0
102.3,119.5,44.8,90.0
102.3,119.6,44.8,90.0
102.3,119.6,45.0,90.0
102.2,119.3,45.0,86.2
102.0,119.3,45.2,90.0
102.0,119.3,45.5,90.0
102.0,119.3,45.5,90.0
102.0,119.3,45.5,90.0
102.0,119.1,45.3,90.0
102.0,119.2,45.7,90.0
101.9,119.1,45.7,93.6
101.9,119.1,46.6,93.6
101.9,119.0,46.6,93.6
101.9,119.0,47.0,93.6
101.8,118.9,47.0,93.6
101.8,118.8,46.8,93.4
101.9,118.9,47.0,93.4
101.8,118.9,47.0,93.6
101.8,118.8,48.2,93.4
101.8,118.6,48.2,93.4
101.8,118.8,48.2,93.6
101.8,118.8,48.4,93.6
101.8,118.7,48.6,93.6
101.8,118.7,48.6,93.6
101.8,118.9,49.7,93.6
101.7,118.8,50.0,93.6
101.7,118.7,50.0,93.6
101.7,118.8,50.0,93.8
101.7,118.9,50.6,93.6
101.8,119.1,50.6,90.0
101.8,119.1,51.1,90.0
101.6,119.2,51.3,93.6
101.7,119.4,51.3,90.0
101.6,119.7,51.3,93.6
101.6,119.7,52.1,93.6
101.7,119.8,52.8,90.0
101.9,119.9,52.8,90.0
101.9,119.9,52.8,90.0
101.9,120.2,53.0,90.0
101.8,120.2,53.0,90.0
101.8,120.3,52.8,90.0
102.0,120.3,52.8,93.6
102.0,120.3,52.8,93.6
102.0,120.6,52.8,93.6
102.1,120.5,52.8,90.0
102.1,120.5,52.7,90.0
102.3,120.8,52.7,90.0
102.4,120.8,52.3,86.4
102.4,120.9,52.1,86.4
102.4,120.9,52.1,86.4
102.5,120.9,51.9,90.0
102.5,120.9,51.4,90.0
102.5,120.9,51.4,90.0
102.5,120.9,51.4,90.0
102.5,120.9,51.2,90.0
102.5,120.8,51.2,90.0
102.5,120.8,50.9,90.0
102.6,120.9,50.9,90.0
102.6,120.9,50.5,90.0
102.6,120.9,50.5,90.0
102.5,120.9,50.3,86.4
102.5,120.9,50.1,86.4
102.4,120.9,50.1,90.0
102.2,120.8,49.9,90.0
102.2,120.8,49.9,90.0
102.2,120.8,49.9,90.0
102.1,120.8,49.9,93.6
102.0,120.8,49.9,90.0
102.0,120.8,49.9,90.0
102.0,120.9,49.9,90.0
101.9,120.8,49.9,86.4
101.9,120.8,50.1,86.4
101.8,120.8,49.9,90.0
101.8,120.8,49.9,90.0
101.8,120.8,49.9,90.0
101.8,120.8,49.9,90.0
101.8,120.8,50.1,90.0
101.7,120.8,50.1,86.4
101.7,120.8,49.9,86.4
101.6,120.8,50.3,90.0
101.6,120.7,50.3,90.0
101.5,120.7,50.5,86.4
101.5,120.7,50.5,86.4
101.5,120.7,50.8,86.4
101.2,120.6,50.8,86.4
101.1,120.6,51.2,90.0
101.1,120.6,51.4,90.0
101.1,120.6,51.4,90.0
101.1,120.6,51.4,90.0
101.0,120.8,51.4,86.4
101.0,120.8,51.4,86.4
101.1,120.8,51.4,90.0
101.2,121.1,51.4,93.4
101.2,121.1,51.8,93.4
101.3,120.9,51.6,90.0
101.1,120.6,51.8,90.0
101.1,120.6,51.8,90.0
100.9,120.5,51.4,90.0
100.9,120.6,51.4,90.0
101.0,120.4,51.4,86.2
101.0,120.4,51.4,86.2
100.9,120.3,51.4,90.0
100.9,120.3,51.4,90.0
101.0,120.2,51.4,86.6
101.0,120.2,51.4,86.6
101.0,120.2,51.4,86.6
100.9,120.0,51.5,90.0
100.9,119.6,51.5,90.0
101.0,119.6,51.5,86.4
101.1,119.6,51.5,90.0
101.1,119.6,51.5,90.0
101.1,119.6,51.5,90.0
101.1,119.6,51.5,90.0
101.1,119.3,51.5,90.0
101.1,119.3,51.3,90.0
101.1,119.3,51.3,90.0
101.4,119.2,51.1,86.4
101.4,119.2,51.1,86.4
101.3,119.2,51.1,90.0
101.3,119.2,51.1,90.0
101.4,119.2,51.1,86.4
101.4,119.2,51.1,86.4
101.4,119.2,50.9,86.4
101.4,119.3,50.9,86.4
101.4,119.3,51.5,86.4
101.4,119.2,51.5,86.4
101.5,119.2,51.7,90.0
101.5,119.2,51.5,90.0
101.6,119.4,51.5,86.4
101.6,119.4,51.5,86.4
101.6,119.5,51.3,86.6
101.6,119.7,51.3,86.4
101.6,119.7,51.3,86.4
101.6,119.7,51.5,86.4
101.6,119.9,51.3,86.4
101.6,119.9,51.5,86.4
101.6,120.1,51.5,86.4
101.6,120.1,51.2,86.4
101.5,120.4,51.4,82.9
101.5,120.3,51.0,82.9
101.5,120.6,50.7,82.9
101.5,120.7,50.3,86.4
101.5,121.0,50.1,86.4
101.5,121.0,50.1,86.4
101.5,121.0,50.0,86.4
101.5,121.0,50.1,86.4
101.5,121.0,50.1,86.4
101.5,121.0,50.1,86.4
101.5,121.3,50.2,86.2
101.5,121.3,50.2,86.2
101.5,121.3,50.2,86.2
101.5,121.3,49.6,86.2
101.6,121.4,49.6,90.0
101.7,121.5,49.6,86.4
101.7,121.5,49.6,86.4
101.8,121.4,49.4,82.4
101.8,121.5,49.3,82.9
101.8,121.6,49.3,82.9
101.8,121.6,49.1,82.9
101.8,121.6,49.3,82.9
101.8,121.6,49.3,82.9
101.8,121.6,48.9,82.9
102.2,121.4,49.1,86.4
102.3,121.3,49.1,82.4
102.3,121.3,49.1,82.4
102.4,121.3,49.1,86.2
102.4,121.3,49.1,86.2
102.4,120.9,48.9,86.4
102.4,121.0,48.9,86.4
102.4,121.0,49.0,86.4
102.7,120.9,49.2,82.9
102.7,120.9,49.8,82.9
102.6,120.8,49.8,82.9
102.6,120.8,49.9,82.9
102.6,120.8,49.9,82.9
102.6,120.8,50.3,82.9
102.6,120.7,50.3,82.9
102.6,120.7,50.3,82.9
102.6,120.7,49.9,82.9
102.8,120.6,50.3,82.9
102.8,120.5,50.3,82.9
102.8,120.5,51.4,82.9
102.7,120.3,51.6,82.9
102.7,120.3,51.6,82.9
102.7,120.3,51.4,82.9
102.7,120.3,51.9,82.9
102.7,120.2,52.6,82.9
102.7,120.1,52.6,82.9
103.0,120.4,53.2,86.4
102.9,120.3,53.2,86.4
103.0,120.4,53.0,83.3
103.1,120.4,52.8,83.3
103.1,120.4,53.4,83.3
103.0,120.5,53.4,82.9
103.0,120.5,54.1,82.9
103.1,120.3,54.5,86.4
103.1,120.3,54.5,86.4
103.1,120.5,54.5,86.4
103.1,120.5,54.5,86.4
103.1,120.5,54.7,86.4
103.1,120.5,55.7,86.4
103.0,120.3,55.7,86.4
103.0,120.5,56.1,86.4
103.1,120.7,56.1,82.9
103.1,120.7,56.3,82.9
103.1,120.7,56.1,82.9
103.1,120.7,56.1,82.9
103.1,120.7,56.1,82.9
103.2,120.8,56.1,86.6
103.2,120.8,56.1,86.6
103.2,120.8,55.9,86.6
103.2,120.9,56.0,86.4
103.1,120.9,56.0,82.9
103.1,120.9,56.0,82.9
103.1,121.0,55.8,83.3
103.0,121.1,55.2,86.6
103.0,121.2,55.2,86.6
102.9,121.2,54.9,83.3
102.9,121.2,54.9,83.3
102.9,121.1,54.5,82.9
103.0,121.2,54.7,82.9
102.9,121.0,54.7,86.6
102.9,121.0,54.7,86.6
102.9,121.0,54.9,86.6
102.7,121.1,54.5,82.9
102.6,121.1,54.7,83.3
102.6,121.0,54.7,83.3
102.5,120.9,54.5,86.4
102.5,121.0,54.5,86.4
102.5,121.0,54.3,86.4
102.4,121.0,54.5,82.9
102.3,121.0,54.5,86.4
102.2,121.0,54.3,82.9
102.1,120.8,54.3,86.4
102.1,120.8,53.8,86.4
102.1,120.8,53.8,86.4
102.1,120.8,53.0,86.4
101.9,120.9,53.0,86.6
101.9,120.9,52.7,86.6
101.8,120.8,51.4,86.4
101.7,121.0,51.6,90.0
101.7,121.0,51.2,90.0
101.6,121.0,51.2,86.4
101.6,121.0,50.3,86.4
101.7,121.2,50.3,86.4
101.7,121.1,50.0,86.2
101.7,121.1,50.0,86.2
101.7,121.2,49.8,86.4
101.7,121.3,49.8,86.4
101.7,121.3,48.7,86.4
101.7,121.4,48.5,90.0
101.6,121.6,48.5,86.2
101.6,121.6,48.5,86.2
101.6,121.6,48.3,86.2
101.6,121.7,48.3,86.4
101.6,121.7,48.2,86.4
101.5,122.0,48.0,90.0
101.5,122.0,48.2,90.0
101.6,122.1,48.4,86.2
101.6,122.1,48.4,86.2
101.6,122.1,48.4,86.2
101.6,122.2,48.4,86.4
101.6,122.2,48.4,86.4
101.5,122.4,48.6,90.0
101.5,122.4,48.4,90.0
101.5,122.6,48.6,90.0
101.5,122.6,48.6,90.0
101.5,122.6,48.6,90.0
101.5,122.6,48.6,90.0
101.5,122.6,48.9,90.0
101.5,122.8,48.6,86.4
101.6,122.8,48.6,86.4
101.5,123.1,49.7,90.0
101.4,122.9,49.7,90.0
101.4,122.9,50.1,90.0
101.4,123.0,50.1,90.0
101.4,123.0,49.9,90.0
101.4,123.1,49.9,90.0
101.4,123.3,50.1,90.0
101.4,123.3,50.1,90.0
101.4,123.4,50.4,90.0
101.4,123.3,50.4,90.0
101.4,123.3,50.1,90.0
101.3,123.4,50.4,86.2
101.3,123.4,50.4,86.4
101.3,123.4,50.4,86.4
101.3,123.4,50.6,86.4
101.1,123.6,50.6,86.4
101.1,123.6,50.6,86.4
101.1,123.6,51.0,86.4
101.0,123.6,51.2,86.4
101.0,123.5,51.4,86.4
101.0,123.5,51.6,86.4
100.9,123.5,51.7,90.0
100.9,123.4,51.7,90.0
100.9,123.4,51.7,90.0
100.8,123.3,51.7,86.2
100.8,123.3,51.5,86.2
100.9,123.3,51.5,90.0
100.9,123.3,51.7,90.0
100.9,123.2,51.7,90.0
100.9,123.2,51.5,90.0
100.9,123.1,51.7,82.4
100.9,123.1,51.5,82.4
100.9,123.1,51.5,82.4
101.0,123.1,51.5,86.2
100.8,123.0,51.5,86.4
100.8,123.0,51.7,86.4
100.8,123.0,51.5,86.4
100.9,123.0,51.5,82.9
100.9,123.0,51.7,82.9
101.0,122.8,51.7,79.4
101.0,122.8,51.7,79.4
101.0,122.8,51.7,79.4
101.0,122.5,51.7,79.4
101.0,122.5,51.7,79.4
101.0,122.5,51.7,79.4
101.0,122.5,51.9,79.4
101.1,122.3,51.8,76.0
101.1,122.3,51.7,76.0
101.1,122.0,51.6,75.1
101.1,122.0,51.8,75.1
101.2,121.7,51.6,71.6
101.2,121.8,51.6,71.6
101.3,121.8,51.6,75.1
101.3,121.8,51.6,75.1
101.3,121.6,51.3,66.8
101.4,121.5,51.1,72.6
101.4,121.5,51.1,72.6
101.4,121.5,51.1,72.6
101.5,121.4,51.1,68.2
101.5,121.4,51.1,68.2
101.5,121.4,51.1,68.2
101.5,121.3,51.1,69.4
101.5,121.3,51.1,69.4
101.5,121.3,51.1,69.4
101.5,121.3,51.1,69.4
101.5,121.3,51.1,69.4
101.5,121.3,51.1,69.4
101.6,121.2,51.1,65.0
101.7,121.1,51.0,60.3
101.7,121.1,51.0,60.3
101.7,120.9,51.0,61.9
101.7,120.9,51.0,61.9
101.7,120.9,51.0,61.9
101.7,120.9,51.4,61.9
101.7,120.9,51.4,61.9
101.8,120.8,51.4,57.3
101.8,120.8,51.4,57.3
101.8,120.8,51.4,57.3
101.8,120.8,51.4,57.3
101.8,120.8,51.9,57.3
101.8,120.7,51.6,57.3
101.8,120.7,51.9,57.3
101.9,120.7,52.1,54.5
101.9,120.7,51.4,54.5
101.9,120.8,51.6,54.5
101.9,120.7,51.6,54.5
102.0,120.7,51.8,51.8
102.0,120.7,51.8,51.8
102.0,120.8,51.4,49.8
102.0,120.9,51.8,49.8
102.2,120.9,51.6,51.8
102.2,121.0,51.8,51.8
102.2,121.2,51.2,47.5
102.2,121.3,51.4,47.5
102.2,121.2,51.4,47.5
102.2,121.2,51.1,47.5
102.4,121.4,51.1,42.5
102.4,121.4,51.2,42.5
102.3,121.5,51.4,45.0
102.4,121.6,51.4,40.2
102.4,121.6,51.6,40.2
102.4,121.4,51.6,37.6
102.4,121.4,51.4,37.6
102.3,121.4,51.6,35.5
102.3,121.4,51.6,35.5
102.4,121.4,51.6,33.7
102.4,121.4,51.6,33.7
102.6,121.4,51.6,33.7
102.6,121.4,51.6,33.7
102.6,121.4,51.6,33.7
102.6,121.4,51.8,33.7
102.7,121.5,51.4,29.4
102.7,121.6,51.6,29.4
102.7,121.5,51.6,29.4
102.7,121.5,51.8,29.4
102.7,121.4,51.8,26.6
102.7,121.4,51.8,26.6
102.7,121.4,51.8,26.6
102.8,121.3,51.4,22.4
102.8,121.3,51.6,22.4
102.8,121.3,51.6,22.4
102.8,121.3,51.8,22.4
102.8,121.3,51.6,22.4
102.8,121.2,51.6,19.4
102.8,121.2,51.6,19.4
102.7,121.1,51.4,15.5
102.8,121.0,51.6,19.4
102.8,121.0,51.4,19.4
102.8,121.0,51.4,19.4
102.8,121.0,51.4,19.4
102.7,121.0,51.4,18.4
102.7,121.0,51.4,18.4
102.7,121.0,51.0,18.4
103.0,120.9,51.0,15.5
102.9,120.9,51.4,14.7
102.8,120.9,51.2,14.7
103.0,120.9,51.2,15.5
103.0,121.0,51.4,12.5
102.9,121.0,51.4,12.5
102.9,121.0,51.4,12.5
103.0,120.9,51.4,10.0
103.0,120.9,51.4,10.0
103.1,120.9,51.6,9.5
103.1,121.0,51.8,6.3
103.3,121.1,51.8,9.5
103.3,121.1,51.8,9.5
103.3,121.2,51.8,6.3
103.3,121.2,51.8,6.3
103.3,121.2,51.6,6.3
103.3,121.2,51.6,6.3
103.4,121.2,51.6,6.7
103.5,121.2,51.6,6.3
103.5,121.2,51.8,6.3
103.5,121.2,51.8,6.3
103.5,121.2,51.8,0.0
103.5,121.2,51.6,0.0
103.4,121.2,51.8,0.0
103.3,121.2,51.8,0.0
103.4,121.2,51.8,0.0
103.4,121.2,51.8,0.0
103.3,121.1,52.0,-3.2
103.3,121.0,52.0,-3.2
103.3,121.0,51.8,-3.2
103.3,120.8,51.9,-3.2
103.3,120.8,51.9,-3.2
103.3,120.8,51.9,-3.2
103.2,120.7,51.8,-6.7
103.2,120.7,51.9,-6.7
103.1,120.6,51.9,-3.2
103.1,120.5,51.9,-6.3
103.1,120.4,51.7,-9.5
103.1,120.4,51.7,-9.5
103.1,120.2,51.7,-9.5
103.0,120.2,51.9,-9.0
103.0,120.1,51.7,-9.0
103.0,120.0,51.7,-13.2
103.0,120.1,51.9,-13.2
103.0,120.0,51.5,-13.2
103.0,119.9,51.5,-13.2
103.0,119.9,51.5,-13.2
103.0,119.9,51.5,-13.2
103.0,119.6,51.3,-13.2
103.0,119.7,51.3,-13.2
103.0,119.5,51.5,-16.4
103.0,119.5,51.5,-16.4
103.0,119.5,51.5,-16.4
103.0,119.4,51.7,-19.4
103.2,119.4,51.7,-19.4
103.1,119.4,51.7,-20.6
103.1,119.4,51.7,-20.6
103.1,119.4,51.7,-20.6
103.1,119.4,52.0,-20.6
103.1,119.3,52.0,-20.6
103.1,119.2,51.9,-23.6
103.1,119.2,51.7,-23.6
103.1,119.3,51.7,-23.6
103.1,119.3,51.9,-23.6
103.1,119.2,52.0,-23.6
103.1,119.2,51.9,-23.6
103.1,119.4,51.7,-26.6
103.1,119.4,51.7,-26.6
103.1,119.4,51.5,-26.6
103.1,119.4,51.5,-26.6
103.1,119.4,51.3,-26.6
103.0,119.7,51.3,-28.1
103.0,119.7,51.3,-28.1
102.8,119.8,51.3,-31.0
102.8,119.8,51.3,-31.0
102.8,119.8,51.3,-31.0
102.7,119.8,51.3,-32.7
102.7,119.9,51.3,-35.5
102.7,119.9,51.3,-35.5
102.6,119.9,51.3,-33.7
102.7,119.9,51.5,-35.5
102.5,120.0,51.9,-38.2
102.5,119.9,51.7,-38.2
102.5,120.1,51.7,-35.5
102.4,120.1,51.9,-37.6
102.3,120.1,51.9,-38.2
102.3,120.1,51.9,-38.2
102.3,120.2,51.9,-35.5
102.3,120.4,51.9,-38.2
102.3,120.4,51.9,-38.2
102.2,120.2,51.9,-42.7
102.2,120.4,52.1,-40.2
102.2,120.3,52.3,-40.2
102.2,120.3,52.3,-40.2
102.2,120.2,52.1,-42.7
102.2,120.2,51.9,-42.7
102.2,120.2,51.9,-42.7
102.2,120.2,51.9,-42.7
102.3,120.2,51.9,-45.0
102.3,120.2,51.9,-45.0
102.3,120.2,52.1,-45.0
102.3,120.2,51.9,-45.0
102.4,120.2,51.9,-47.5
102.4,120.2,51.9,-47.5
102.4,120.1,51.9,-49.8
102.5,120.0,51.9,-45.0
102.6,120.0,51.9,-47.5
102.6,120.0,51.9,-47.5
102.6,120.0,51.7,-47.5
102.5,120.1,51.7,-45.0
102.6,119.9,51.7,-49.8
102.6,119.9,51.7,-49.8
102.6,119.9,51.7,-49.8
102.8,119.8,51.7,-47.5
102.7,119.7,51.7,-47.3
102.7,119.7,51.7,-47.3
102.8,119.7,51.7,-49.8
102.8,119.7,51.7,-49.8
102.8,119.7,51.7,-49.8
102.8,119.7,51.5,-49.8
102.8,119.7,51.7,-49.8
102.8,119.6,51.7,-47.5
102.8,119.6,51.7,-47.5
102.9,119.5,51.7,-47.3
103.0,119.5,51.7,-49.8
103.0,119.5,51.5,-49.8
103.1,119.5,51.5,-52.4
103.1,119.5,51.5,-52.4
103.1,119.5,51.1,-52.4
103.2,119.6,51.1,-52.4
103.2,119.5,51.1,-54.5
103.2,119.5,51.3,-54.5
103.1,119.4,51.1,-54.5
103.2,119.5,51.1,-54.5
103.2,119.5,51.0,-54.5
103.2,119.5,51.0,-54.5
103.2,119.5,50.8,-54.5
103.2,119.5,51.0,-54.5
103.2,119.6,51.0,-52.4
103.2,119.6,51.3,-52.4
103.1,119.5,51.3,-52.4
102.9,119.8,51.3,-52.4
102.9,119.8,51.3,-52.4
102.9,119.8,51.2,-52.4
102.8,119.8,51.2,-52.4
102.8,119.8,51.3,-52.4
102.7,119.9,51.7,-54.5
102.8,119.8,51.7,-51.8
102.7,119.8,51.7,-54.5
102.7,119.9,51.7,-52.4
102.7,119.9,51.7,-52.4
102.7,119.9,51.7,-52.4
102.7,119.9,52.1,-52.4
102.7,119.9,51.9,-52.4
102.7,119.9,52.3,-52.4
102.6,119.9,52.1,-55.3
102.5,119.8,52.2,-54.5
102.5,119.7,52.2,-54.5
102.5,119.7,52.2,-54.5
102.5,119.7,52.2,-54.5
102.5,119.6,52.1,-52.4
102.5,119.7,51.9,-52.4
102.5,119.7,51.9,-52.4
102.5,119.7,51.9,-52.4
102.5,119.7,51.7,-52.4
102.5,119.7,51.7,-52.4
102.6,119.6,51.9,-57.3
102.6,119.6,51.7,-57.3
102.7,119.6,51.7,-54.5
102.7,119.6,51.9,-54.5
102.7,119.5,51.7,-52.4
102.7,119.5,51.5,-52.4
102.7,119.5,51.7,-52.4
102.7,119.5,51.7,-52.4
102.7,119.4,51.7,-54.5
102.5,119.3,51.5,-52.4
102.5,119.3,51.5,-52.4
102.5,119.3,51.7,-52.4
102.5,119.3,51.7,-52.4
102.5,119.0,51.7,-52.4
102.4,118.9,51.7,-57.3
102.3,118.9,51.7,-54.5
102.1,118.6,51.6,-52.4
102.1,118.6,51.6,-52.4
101.8,118.4,51.6,-55.3
101.6,118.1,51.6,-55.3
101.6,118.2,51.6,-55.3
101.6,118.0,51.6,-57.3
101.4,117.9,51.4,-55.3
101.2,117.7,51.4,-55.3
100.8,117.4,51.4,-57.3
100.8,117.4,51.4,-57.3
100.6,116.9,51.4,-57.3
100.4,116.7,51.3,-57.3
100.4,116.7,51.3,-57.3
100.2,116.5,51.3,-57.3
100.2,116.5,51.5,-57.3
99.8,115.8,51.5,-57.3
99.8,115.8,51.7,-57.3
99.5,115.6,51.6,-60.3
99.2,114.9,51.4,-57.3
99.2,114.9,51.2,-57.3
99.2,114.9,51.4,-57.3
98.6,114.1,51.6,-55.3
98.4,113.8,51.5,-57.3
98.4,113.8,51.7,-57.3
98.2,113.3,51.5,-57.3
98.2,113.3,51.5,-57.3
97.5,112.4,51.5,-60.3
97.5,112.4,51.5,-60.3
97.5,112.4,51.5,-60.3
96.9,111.2,51.6,-52.4
96.7,110.8,51.5,-60.3
96.7,110.8,51.5,-60.3
96.5,110.4,51.5,-60.3
96.2,109.9,51.5,-60.3
96.3,109.9,51.5,-60.3
96.0,109.5,51.5,-60.3
95.4,108.1,51.6,-60.3
95.2,107.7,51.5,-60.3
95.2,107.7,51.5,-60.3
94.7,106.1,51.4,-57.3
94.7,106.1,51.6,-57.3
94.5,105.6,51.6,-63.4
94.5,105.6,51.7,-63.4
94.3,105.2,51.9,-57.3
94.0,104.0,51.5,-60.3
94.0,104.1,51.8,-60.3
93.8,103.6,51.6,-60.3
93.7,102.9,52.1,-57.3
93.7,102.9,51.9,-57.3
93.7,102.9,52.1,-57.3
93.1,100.6,52.0,-57.3
93.1,100.7,52.1,-57.3
92.9,99.7,52.2,-57.3
92.9,99.7,52.2,-57.3
93.0,99.1,52.2,-60.3
93.0,98.7,52.2,-58.4
93.0,98.7,52.2,-58.4
93.3,98.4,52.0,-57.3
93.5,98.2,52.0,-57.3
93.5,98.2,51.8,-57.3
94.0,98.2,52.0,-60.3
94.3,98.3,52.0,-55.3
94.3,98.3,52.1,-55.3
95.0,98.4,52.0,-60.3
95.0,98.4,51.8,-60.3
95.1,98.6,51.8,-57.3
95.1,98.6,52.0,-57.3
95.7,99.1,51.9,-57.3
95.7,99.1,51.9,-57.3
95.7,99.1,51.9,-57.3
96.3,99.4,51.7,-59.0
96.5,99.7,52.1,-55.3
96.5,99.6,52.1,-55.3
97.1,100.4,51.9,-57.3
97.5,100.5,51.9,-58.4
97.5,100.5,51.9,-58.4
97.5,100.5,51.9,-58.4
97.8,101.1,52.0,-57.3
97.8,101.1,52.0,-57.3
98.0,101.3,52.0,-57.3
98.2,101.7,52.2,-55.3
98.2,101.7,52.2,-55.3
98.2,101.7,52.2,-55.3
98.8,102.0,51.9,-57.3
99.2,102.1,52.2,-55.3
99.2,102.1,51.9,-55.3
99.2,102.2,51.9,-57.3
99.4,102.2,51.9,-57.3
99.9,102.2,52.1,-60.3
99.9,102.2,52.1,-60.3
99.9,102.2,52.1,-60.3
99.9,102.2,51.7,-60.3
100.1,102.1,51.7,-52.4
100.2,101.9,51.7,-55.3
100.2,101.9,51.7,-55.3
100.2,101.9,51.7,-55.3
100.4,101.7,51.7,-55.3
100.4,101.7,51.7,-55.3
100.3,101.5,51.7,-52.4
100.3,101.5,51.7,-52.4
100.4,101.2,51.3,-55.3
100.4,101.3,51.3,-55.3
100.4,101.0,51.3,-55.3
100.4,101.0,51.3,-55.3
100.3,100.6,51.3,-52.4
100.3,100.6,51.3,-52.4
100.1,100.5,51.3,-54.5
100.1,100.5,51.3,-54.5
100.1,100.1,51.2,-52.4
100.1,100.1,51.2,-52.4
100.1,100.1,51.2,-52.4
99.7,99.9,51.1,-52.4
99.7,99.9,51.1,-52.4
99.5,99.7,50.9,-52.4
99.5,99.7,50.9,-52.4
99.3,99.4,50.9,-54.5
99.3,99.4,50.9,-54.5
99.2,99.2,51.0,-55.3
99.2,99.2,51.0,-55.3
99.2,99.2,51.2,-55.3
98.9,99.0,51.2,-52.4
98.9,99.0,51.2,-52.4
98.6,98.8,51.2,-55.3
98.3,98.5,51.3,-52.4
98.3,98.5,51.3,-52.4
98.3,98.5,51.3,-52.4
98.0,98.4,51.3,-57.3
98.0,98.4,51.5,-57.3
98.0,98.4,51.5,-57.3
97.5,98.0,51.1,-54.5
97.4,97.9,51.3,-55.3
97.4,97.9,51.1,-55.3
97.4,97.9,50.9,-55.3
97.1,97.5,51.1,-54.5
97.1,97.5,51.1,-54.5
97.1,97.5,51.1,-54.5
97.2,97.4,51.1,-55.3
97.2,97.4,50.9,-55.3
97.2,97.4,50.9,-55.3
97.2,97.4,50.9,-55.3
97.4,97.4,50.9,-55.3
97.4,97.4,51.1,-55.3
97.5,97.3,51.1,-54.5
97.5,97.3,51.1,-54.5
97.5,97.3,50.9,-54.5
97.6,97.2,51.1,-55.3
97.6,97.2,51.1,-55.3
97.6,97.2,51.2,-55.3
97.6,97.2,51.2,-55.3
97.6,97.2,51.2,-55.3
97.6,97.2,51.2,-55.3
97.6,97.2,51.7,-55.3
97.6,97.2,51.9,-55.3
97.6,97.2,51.6,-55.3
97.6,97.1,52.1,-57.3
97.6,96.9,51.7,-55.3
97.6,96.9,51.7,-55.3
97.6,96.9,51.7,-55.3
97.6,96.9,51.6,-55.3
97.6,96.8,51.5,-57.3
97.6,96.8,51.5,-57.3
97.5,96.8,51.9,-54.5
97.4,96.7,51.9,-55.3
97.3,96.7,51.9,-58.4
97.3,96.7,51.7,-58.4
97.2,96.6,51.9,-57.3
97.2,96.6,51.9,-57.3
97.1,96.6,51.7,-54.5
97.1,96.6,51.7,-54.5
97.0,96.6,51.9,-57.3
96.9,96.6,51.9,-57.3
96.9,96.5,51.9,-55.3
96.9,96.5,52.2,-55.3
96.7,96.6,52.2,-57.3
96.7,96.5,52.2,-55.3
96.7,96.5,52.2,-55.3
96.7,96.6,52.2,-57.3
96.7,96.6,52.2,-57.3
96.6,96.6,52.2,-54.5
96.6,96.6,52.2,-54.5
96.8,96.6,52.2,-54.5
96.8,96.6,52.4,-54.5
96.8,96.6,52.2,-54.5
96.8,96.6,52.2,-54.5
97.0,96.7,52.2,-52.4
97.0,96.7,52.2,-52.4
97.0,96.7,52.2,-52.4
97.2,96.7,51.9,-52.4
97.3,96.7,51.9,-52.4
97.3,96.7,51.9,-52.4
97.4,96.7,51.7,-49.8
97.4,96.7,51.7,-49.8
97.5,96.7,51.7,-52.4
97.6,96.8,51.7,-47.5
97.6,96.8,51.5,-47.5
97.6,96.8,51.7,-47.5
97.6,97.1,51.7,-47.5
97.6,97.1,51.9,-47.5
97.9,97.1,51.6,-45.0
97.9,97.2,51.6,-47.3
97.9,97.2,51.6,-47.3
98.1,97.3,51.6,-45.0
98.1,97.3,50.9,-45.0
98.1,97.3,50.9,-45.0
98.1,97.3,51.2,-45.0
98.1,97.3,50.9,-45.0
98.1,97.3,50.9,-45.0
98.1,97.2,50.9,-42.5
98.1,97.2,50.9,-42.5
98.1,97.2,50.9,-42.5
98.1,97.1,51.4,-45.0
98.1,97.1,51.4,-45.0
98.1,97.1,51.7,-45.0
98.1,96.9,51.7,-42.5
98.1,96.9,51.7,-42.5
98.1,96.9,51.9,-42.5
98.0,96.9,51.9,-40.2
98.1,96.7,52.2,-42.5
98.1,96.7,52.2,-42.5
98.0,96.7,51.5,-40.2
98.0,96.6,51.9,-42.7
98.0,96.6,51.9,-42.7
97.8,96.5,52.0,-40.2
97.8,96.5,52.2,-40.2
97.7,96.4,52.7,-42.7
97.7,96.4,52.5,-42.7
97.7,96.4,52.7,-37.6
97.6,96.2,52.5,-38.2
97.6,96.2,52.7,-38.2
97.5,96.2,52.7,-40.2
97.5,96.1,52.7,-37.6
97.5,96.1,52.7,-37.6
97.5,96.1,52.5,-37.6
97.4,96.1,52.5,-35.5
97.4,96.1,52.5,-35.5
97.2,96.0,52.5,-38.2
97.2,96.0,52.7,-38.2
97.1,96.0,52.5,-40.2
97.1,96.0,52.5,-40.2
96.9,95.8,52.3,-40.2
96.9,95.8,52.7,-40.2
96.8,95.8,52.7,-38.2
96.7,95.8,52.7,-40.2
96.5,95.7,52.0,-37.6
96.3,95.7,52.6,-37.6
96.3,95.7,52.5,-37.6
96.1,95.6,52.5,-40.2
96.1,95.6,52.0,-40.2
95.8,95.6,52.3,-38.2
95.7,95.4,51.8,-36.3
95.7,95.4,51.8,-36.3
95.2,95.3,51.8,-35.5
94.6,94.9,51.4,-38.2
94.4,94.9,51.6,-42.5
94.4,94.9,51.6,-42.5
94.4,94.9,51.6,-42.5
93.2,94.5,51.9,-38.2
93.2,94.5,51.9,-38.2
92.4,94.0,51.4,-38.2
92.4,94.0,51.4,-38.2
92.4,94.0,51.9,-38.2
91.0,93.4,51.8,-35.5
91.0,93.4,51.3,-35.5
91.0,93.5,51.3,-35.5
91.0,93.5,51.7,-35.5
91.0,93.5,51.8,-35.5
90.5,93.3,51.8,-40.2
90.5,93.3,51.8,-40.2
90.0,93.1,51.2,-38.2
89.4,92.8,51.1,-40.6
89.4,92.8,51.3,-40.6
89.4,92.8,51.1,-40.6
89.4,92.8,51.3,-40.6
86.4,91.4,51.2,-37.6
86.4,91.4,51.4,-37.6
84.6,90.4,51.3,-40.2
82.1,88.6,51.0,-38.2
82.0,88.6,51.5,-38.2
82.1,88.6,51.2,-38.2
80.2,87.2,51.1,-38.2
80.2,87.2,51.1,-38.2
80.2,87.2,51.1,-38.2
80.2,87.2,51.0,-38.2
77.0,84.5,50.8,-38.2
76.9,84.5,50.8,-38.2
76.0,83.6,51.4,-40.2
76.1,83.6,51.4,-40.2
75.7,83.3,52.1,-42.7
75.7,83.3,51.7,-42.7
75.5,83.1,52.0,-37.6
75.1,82.5,51.8,-40.2
75.1,82.5,51.8,-40.2
75.1,82.5,51.8,-40.2
75.1,82.5,51.8,-40.2
75.1,82.5,51.6,-40.2
75.6,83.0,51.6,-38.2
75.8,83.2,51.7,-42.5
76.0,83.3,51.3,-45.0
76.2,83.6,51.4,-42.5
76.2,83.6,51.4,-42.5
76.6,83.9,51.4,-38.2
76.6,83.9,51.4,-38.2
76.8,84.1,51.4,-42.5
77.1,84.4,51.4,-42.7
77.1,84.4,51.4,-42.7
77.1,84.5,51.4,-40.2
77.3,84.5,51.4,-40.2
77.3,84.5,51.6,-40.2
77.3,84.5,51.6,-40.2
77.3,84.5,51.6,-40.2
77.3,84.5,51.6,-40.2
77.3,84.5,51.4,-40.2
77.3,84.5,51.4,-40.2
77.2,84.5,51.6,-42.5
77.1,84.5,51.6,-40.2
77.1,84.5,51.6,-40.2
76.9,84.4,51.6,-42.7
76.9,84.4,51.6,-42.7
76.9,84.4,51.6,-42.7
76.6,84.2,51.7,-45.0
76.6,84.2,51.6,-45.0
76.5,84.1,51.6,-40.2
76.5,84.1,51.6,-40.2
76.1,83.9,51.5,-45.0
76.1,83.9,51.5,-45.0
76.0,83.8,51.5,-45.0
76.0,83.8,51.7,-45.0
75.7,83.5,51.7,-42.7
75.3,83.3,51.7,-42.7
75.3,83.3,51.7,-42.7
75.2,83.1,51.6,-45.0
75.0,83.1,51.6,-45.0
75.0,83.1,51.6,-45.0
75.0,83.1,51.6,-45.0
74.6,82.6,51.6,-45.0
74.6,82.6,51.6,-45.0
74.4,82.4,51.6,-45.0
74.4,82.4,51.3,-45.0
74.3,82.4,51.4,-45.0
74.2,82.1,51.4,-42.5
74.2,82.1,51.4,-42.5
74.0,81.7,51.4,-45.0
74.0,81.7,51.6,-45.0
74.0,81.5,51.5,-45.0
74.0,81.5,51.7,-45.0
73.9,81.5,51.9,-47.5
73.8,81.3,51.7,-45.0
73.6,81.1,51.5,-45.0
73.6,81.0,51.5,-45.0
73.6,80.8,51.5,-45.0
73.6,80.8,51.5,-45.0
73.6,80.8,51.5,-45.0
73.6,80.8,51.5,-45.0
73.6,80.8,51.5,-45.0
73.6,80.8,51.3,-45.0
73.5,80.8,51.3,-45.0
73.5,80.8,51.3,-45.0
73.5,80.8,51.3,-45.0
73.5,80.8,51.2,-45.0
73.7,81.0,51.2,-45.0
73.7,81.0,51.2,-45.0
73.9,81.0,51.2,-45.0
73.9,81.0,51.2,-45.0
73.9,81.0,51.2,-45.0
73.9,81.0,51.2,-45.0
73.9,81.0,51.2,-45.0
73.9,81.0,51.2,-45.0
74.1,81.0,51.2,-45.0
74.1,81.0,51.2,-45.0
74.1,81.0,51.2,-45.0
74.1,81.0,51.2,-45.0
74.1,81.0,51.2,-45.0
74.1,81.0,51.2,-45.0
74.1,81.0,51.2,-45.0
74.1,80.9,51.2,-42.5
74.1,80.9,51.5,-42.5
74.2,80.7,51.3,-42.5
74.2,80.7,51.3,-42.5
74.2,80.7,51.3,-42.5
74.2,80.7,51.3,-42.5
74.2,80.6,51.3,-45.0
74.2,80.6,51.3,-45.0
74.2,80.6,51.5,-45.0
74.2,80.6,51.5,-45.0
74.1,80.4,51.5,-47.5
74.1,80.4,51.5,-47.5
74.1,80.3,51.5,-45.0
74.1,80.3,51.5,-45.0
74.0,80.1,51.3,-45.0
73.9,80.1,51.3,-45.0
73.8,80.1,51.5,-47.5
73.9,80.1,51.5,-47.5
73.9,80.1,51.5,-47.5
73.8,80.0,51.3,-47.3
73.7,80.0,51.4,-47.3
73.7,80.0,51.4,-49.8
73.7,80.0,51.4,-49.8
73.6,79.9,51.4,-45.0
73.6,79.9,51.4,-45.0
73.5,79.9,51.4,-47.5
73.5,79.9,51.4,-47.5
73.5,79.9,51.4,-47.5
73.5,79.9,51.4,-47.5
73.5,79.9,51.4,-47.5
73.5,79.9,51.4,-47.5
73.2,79.9,51.4,-47.5
73.2,79.9,51.3,-47.5
73.2,79.9,51.3,-47.5
73.2,80.0,51.3,-49.8
73.1,79.9,51.4,-45.0
73.1,79.9,51.4,-45.0
73.2,79.9,51.3,-47.5
73.2,79.9,51.3,-47.5
73.2,79.9,51.3,-47.5
73.2,79.9,51.1,-47.5
73.0,80.0,51.1,-49.8
73.0,80.0,51.1,-49.8
73.0,80.0,51.1,-49.8
73.0,80.0,51.1,-49.8
73.0,79.9,51.1,-47.5
73.1,79.9,51.1,-45.0
73.1,79.9,51.1,-45.0
73.1,80.0,51.1,-47.3
73.1,80.0,51.1,-52.4
73.1,80.0,51.0,-52.4
73.2,80.0,51.1,-49.8
73.2,80.0,51.1,-49.8
73.2,80.1,51.1,-47.5
73.2,80.1,50.8,-47.5
73.2,80.1,50.8,-47.5
73.2,80.0,50.8,-49.8
73.2,80.0,50.8,-49.8
73.3,80.0,50.8,-52.4
73.3,80.0,51.0,-52.4
73.3,80.0,51.0,-52.4
73.3,80.0,51.1,-52.4
73.4,80.0,51.1,-49.8
73.4,80.0,51.3,-49.8
73.4,80.0,51.3,-49.8
73.5,79.8,51.4,-52.4
73.6,79.8,51.4,-52.4
73.6,79.8,51.4,-52.4
73.7,79.8,51.4,-49.8
73.7,79.8,51.4,-49.8
73.7,79.8,51.4,-49.8
73.7,79.8,51.4,-49.8
73.7,79.8,51.4,-49.8
73.7,79.7,51.4,-47.5
73.7,79.6,51.6,-49.8
73.8,79.6,51.6,-47.3
73.8,79.6,51.6,-47.3
73.7,79.6,51.6,-49.8
73.7,79.6,51.7,-49.8
73.8,79.6,51.7,-47.3
73.7,79.6,51.7,-49.8
73.7,79.6,51.7,-49.8
73.7,79.6,51.7,-49.8
73.8,79.5,51.7,-45.0
73.8,79.5,51.7,-45.0
73.7,79.5,51.7,-47.5
73.7,79.5,51.7,-47.5
73.7,79.5,51.7,-47.5
73.7,79.5,51.7,-47.5
73.7,79.5,51.7,-47.5
73.7,79.4,51.7,-49.8
73.7,79.4,51.6,-49.8
73.7,79.4,51.6,-49.8
73.7,79.4,51.6,-49.8
73.7,79.4,51.4,-49.8
73.4,79.3,51.4,-49.8
73.4,79.3,51.4,-49.8
73.3,79.2,51.4,-50.2
73.3,79.2,51.4,-50.2
73.2,79.2,51.4,-47.5
73.2,79.2,51.4,-47.5
72.9,78.9,51.2,-52.4
72.9,78.9,51.2,-52.4
72.5,78.8,51.4,-50.2
72.3,78.6,51.4,-50.2
72.0,78.3,51.2,-47.5
72.0,78.3,51.3,-47.5
72.0,78.3,51.3,-47.5
71.2,77.8,51.1,-49.8
70.9,77.4,51.3,-50.2
70.9,77.4,51.3,-50.2
70.3,77.1,51.3,-52.4
70.3,77.1,51.3,-52.4
70.0,76.9,51.1,-49.8
69.6,76.6,51.2,-49.8
69.6,76.6,51.1,-49.8
68.7,75.7,51.0,-49.8
68.3,75.4,51.1,-47.5
68.3,75.4,51.1,-47.5
67.7,74.8,51.1,-49.8
67.3,74.4,51.1,-49.8
67.3,74.4,51.1,-49.8
66.7,73.6,51.0,-47.5
66.7,73.6,51.2,-47.5
66.0,72.9,51.1,-45.0
66.0,72.9,51.4,-45.0
65.5,72.4,51.7,-49.8
65.4,72.0,51.8,-47.5
65.4,72.0,52.0,-47.5
65.4,71.8,51.8,-47.5
65.2,71.5,51.9,-49.8
65.2,71.5,51.8,-49.8
65.2,71.5,51.8,-49.8
65.2,71.5,51.8,-49.8
65.4,71.4,51.8,-47.5
65.4,71.4,51.8,-47.5
65.4,71.4,51.8,-47.5
65.8,71.5,51.8,-49.8
65.8,71.5,51.8,-49.8
66.0,71.5,51.6,-49.8
66.0,71.5,51.6,-49.8
66.2,71.6,51.7,-47.5
66.2,71.6,51.8,-47.5
66.4,71.7,51.7,-49.8
66.4,71.7,51.7,-49.8
66.7,71.7,51.7,-52.4
66.7,71.7,51.7,-52.4
67.1,71.7,51.7,-52.4
67.1,71.7,51.7,-52.4
67.1,71.7,51.8,-52.4
67.2,71.7,51.7,-49.8
67.4,71.7,51.7,-49.8
67.4,71.7,51.7,-49.8
67.4,71.7,51.7,-49.8
67.5,71.7,51.7,-52.4
67.5,71.7,51.7,-52.4
67.6,71.7,51.5,-49.8
67.6,71.7,51.4,-49.8
67.6,71.7,51.4,-49.8
67.6,71.7,51.4,-49.8
67.6,71.4,51.3,-49.8
67.6,71.4,51.3,-49.8
67.4,71.4,51.3,-49.8
67.4,71.4,51.3,-49.8
67.3,71.3,51.3,-54.5
67.3,71.3,51.3,-54.5
67.2,71.2,51.3,-49.8
67.1,71.2,51.3,-52.4
67.1,71.2,51.3,-52.4
67.0,71.2,51.5,-49.8
66.9,71.2,51.5,-52.4
66.7,71.2,51.5,-52.4
66.7,71.2,51.3,-52.4
66.4,71.0,51.3,-52.4
66.3,71.0,51.2,-49.8
66.3,71.0,51.2,-49.8
66.2,71.0,51.0,-52.4
66.0,71.0,51.0,-52.4
65.9,71.0,51.0,-49.8
65.9,71.0,51.0,-49.8
65.8,71.0,51.0,-52.4
65.6,71.0,51.2,-52.4
65.6,71.0,51.2,-52.4
65.5,71.0,51.2,-55.3
65.4,71.0,51.2,-52.4
65.4,71.0,51.2,-52.4
65.3,71.0,51.2,-55.3
65.3,71.0,51.2,-55.3
65.2,70.9,51.0,-54.5
65.2,71.0,51.0,-52.4
65.2,70.8,51.3,-54.5
65.2,70.9,51.0,-54.5
65.1,71.0,51.2,-55.3
65.0,70.9,51.1,-54.5
65.0,70.9,51.3,-54.5
65.0,70.9,51.3,-54.5
65.0,70.9,51.3,-54.5
64.9,71.0,51.5,-55.3
64.9,71.0,51.5,-55.3
64.9,70.8,51.4,-55.3
64.9,70.8,51.4,-55.3
64.9,70.8,51.4,-55.3
64.9,70.8,51.3,-55.3
64.9,70.8,51.4,-55.3
64.9,70.8,51.4,-55.3
64.9,70.8,51.4,-55.3
64.9,70.9,51.3,-57.3
64.9,70.9,51.3,-57.3
64.9,70.9,51.3,-57.3
64.9,70.9,51.3,-57.3
64.9,70.9,51.3,-57.3
64.8,70.9,51.3,-60.3
64.8,70.9,51.1,-60.3
64.9,70.9,51.1,-57.3
64.9,70.9,51.1,-57.3
64.9,70.9,51.1,-57.3
64.8,70.9,51.1,-60.3
64.8,70.9,51.1,-60.3
64.8,70.9,51.5,-60.3
64.8,70.9,51.3,-60.3
64.8,70.9,51.3,-60.3
65.0,70.9,51.3,-60.3
65.0,70.9,51.5,-60.3
65.0,70.9,51.2,-60.3
65.0,70.9,51.1,-60.3
65.0,70.9,51.3,-60.3
65.0,70.9,51.3,-60.3
65.0,71.0,51.5,-61.9
65.0,71.0,51.5,-61.9
65.1,71.1,51.5,-63.4
65.1,71.1,51.5,-63.4
65.2,71.1,51.5,-60.3
65.2,71.1,51.6,-60.3
65.3,71.1,51.5,-60.3
65.2,71.1,51.5,-60.3
65.2,71.1,51.8,-60.3
65.5,71.1,51.6,-60.3
65.5,71.1,51.8,-60.3
65.6,70.9,51.8,-63.4
65.6,70.9,51.8,-63.4
65.6,70.9,51.8,-63.4
65.6,70.9,51.6,-63.4
65.6,70.9,51.8,-63.4
65.6,70.9,51.8,-63.4
65.5,70.7,51.7,-60.3
65.5,70.7,51.7,-60.3
65.5,70.7,51.9,-60.3
65.5,70.7,51.7,-60.3
65.5,70.7,51.7,-60.3
65.5,70.6,51.7,-61.9
65.5,70.6,51.7,-61.9
65.5,70.6,51.7,-61.9
65.4,70.5,51.7,-63.4
65.4,70.5,51.7,-63.4
65.4,70.2,51.7,-63.4
65.4,70.2,51.7,-63.4
65.3,70.0,51.7,-60.3
65.3,70.0,51.7,-60.3
65.3,69.8,51.7,-60.3
65.3,69.8,52.0,-60.3
65.3,69.8,51.8,-60.3
65.3,69.8,51.7,-60.3
65.3,69.8,51.7,-60.3
65.3,69.8,51.7,-60.3
65.2,69.2,51.6,-65.0
65.3,69.1,51.6,-60.3
65.3,69.1,51.6,-60.3
65.4,69.1,51.8,-63.4
65.4,69.1,51.6,-63.4
65.4,68.9,51.6,-63.4
65.4,68.9,51.6,-63.4
65.5,68.9,51.6,-60.3
65.5,68.9,51.8,-60.3
65.6,68.9,51.8,-63.4
65.6,68.9,51.8,-63.4
65.6,68.9,51.8,-63.4
65.8,68.7,51.6,-63.4
65.8,68.6,51.6,-63.4
65.8,68.6,51.6,-63.4
66.0,68.6,51.6,-63.4
66.2,68.5,51.6,-65.0
66.3,68.4,51.6,-60.3
66.3,68.4,51.9,-60.3
66.4,68.4,51.7,-63.4
66.4,68.4,51.7,-63.4
66.7,68.1,51.9,-68.2
66.7,68.1,51.9,-68.2
66.8,68.0,51.9,-63.4
66.8,67.9,51.8,-65.0
66.8,67.8,52.1,-63.4
67.0,67.7,52.3,-68.2
67.0,67.7,52.3,-68.2
67.0,67.7,52.4,-68.2
67.2,67.4,52.4,-66.8
67.2,67.4,52.4,-66.8
67.2,67.4,52.4,-66.8
67.2,67.3,52.4,-68.2
67.2,67.3,52.4,-68.2
67.2,67.2,52.4,-66.8
67.1,67.0,52.5,-65.0
67.1,67.0,52.5,-63.4
67.1,66.9,52.5,-63.4
67.1,66.9,52.5,-63.4
67.1,66.9,52.5,-63.4
67.1,66.9,52.5,-63.4
67.1,66.9,52.5,-63.4
67.1,66.9,52.4,-63.4
66.9,66.9,52.5,-63.4
66.9,66.9,52.7,-63.4
66.9,67.0,52.7,-63.4
66.7,67.1,52.5,-65.0
66.7,67.1,52.5,-65.0
66.6,67.2,52.5,-66.8
66.6,67.2,52.2,-66.8
66.4,67.4,52.4,-66.8
66.4,67.4,52.4,-66.8
66.3,67.4,52.3,-63.4
66.3,67.4,52.4,-63.4
66.1,67.5,52.4,-65.0
66.0,67.6,52.4,-66.8
65.7,67.8,52.4,-63.4
65.7,67.8,52.4,-63.4
65.7,67.8,52.4,-63.4
65.7,67.8,52.4,-63.4
65.6,68.0,52.5,-68.2
65.6,68.0,52.5,-68.2
65.5,68.1,52.5,-63.4
65.5,68.1,52.5,-63.4
65.4,68.2,52.3,-68.2
65.3,68.3,52.3,-63.4
65.1,68.4,52.2,-65.0
64.9,68.5,52.0,-60.3
64.9,68.5,52.2,-60.3
64.9,68.5,52.2,-60.3
64.8,68.5,52.0,-63.4
64.8,68.5,52.0,-63.4
64.7,68.5,52.2,-66.8
64.7,68.5,52.0,-66.8
64.7,68.5,52.0,-66.8
64.6,68.5,52.0,-63.4
64.6,68.5,52.0,-63.4
64.5,68.5,52.0,-60.3
64.5,68.5,52.0,-60.3
64.5,68.5,52.0,-60.3
64.5,68.5,52.0,-60.3
64.5,68.5,52.0,-60.3
64.5,68.5,51.9,-60.3
64.5,68.5,51.9,-60.3
64.5,68.5,52.0,-60.3
64.5,68.5,52.0,-60.3
64.5,68.4,51.9,-58.4
64.6,68.2,51.9,-63.4
64.6,68.2,52.0,-63.4
64.6,68.2,51.9,-63.4
64.7,68.2,51.9,-60.3
64.7,68.2,51.9,-60.3
64.9,68.2,51.7,-60.3
64.9,68.2,51.7,-60.3
64.9,68.2,51.7,-60.3
64.9,68.2,51.9,-60.3
65.1,68.2,51.9,-60.3
65.1,68.2,51.7,-60.3
65.1,68.2,51.7,-60.3
65.1,68.1,51.7,-58.4
65.1,68.1,51.7,-58.4
65.3,68.0,51.7,-60.3
65.3,68.0,51.7,-60.3
65.4,68.0,51.7,-57.3
65.4,68.0,51.9,-57.3
65.4,67.9,51.8,-59.0
65.4,67.9,51.8,-59.0
65.5,67.8,51.8,-60.3
65.5,67.8,51.8,-60.3
65.5,67.8,52.0,-60.3
65.5,67.8,52.0,-60.3
65.5,67.8,52.0,-60.3
65.6,67.7,52.0,-55.3
65.6,67.7,52.0,-55.3
65.6,67.8,52.0,-57.3
65.6,67.8,52.1,-57.3
65.6,67.8,52.1,-57.3
65.7,67.6,52.0,-60.3
65.7,67.6,52.1,-60.3
65.7,67.6,52.1,-60.3
65.8,67.6,52.1,-57.3
65.8,67.6,52.1,-57.3
65.8,67.6,52.0,-57.3
65.9,67.7,52.0,-58.4
65.9,67.7,52.0,-58.4
65.9,67.7,52.0,-58.4
66.1,67.6,52.0,-60.3
66.1,67.6,52.0,-60.3
66.1,67.6,52.0,-60.3
66.1,67.6,52.0,-60.3
66.1,67.6,52.0,-60.3
66.1,67.6,52.0,-60.3
66.2,67.6,52.0,-57.3
66.2,67.6,52.0,-57.3
66.2,67.6,52.0,-57.3
66.2,67.6,52.0,-57.3
66.2,67.6,52.1,-57.3
66.2,67.6,52.1,-57.3
66.2,67.6,52.0,-57.3
66.2,67.6,52.1,-57.3
66.2,67.6,52.1,-57.3
66.2,67.6,52.1,-57.3
66.2,67.6,52.1,-57.3
66.2,67.6,52.1,-57.3
66.2,67.6,52.1,-57.3
66.2,67.6,52.1,-57.3
66.2,67.6,52.1,-57.3
66.2,67.6,52.1,-57.3
66.2,67.6,52.1,-57.3
66.2,67.6,52.0,-57.3
66.2,67.6,52.0,-57.3
66.2,67.6,52.0,-57.3
66.2,67.6,52.0,-57.3
66.2,67.6,52.1,-57.3
66.2,67.6,52.0,-57.3
66.2,67.6,52.0,-57.3
66.2,67.6,52.1,-57.3
66.2,67.6,52.0,-57.3
66.2,67.6,52.1,-57.3
66.2,67.6,52.0,-57.3
66.2,67.6,52.1,-57.3
65.6,67.1,52.1,-57.3
65.6,67.1,52.1,-57.3
65.6,67.1,52.1,-57.3
65.6,67.1,52.1,-57.3
65.6,67.1,52.1,-57.3
65.6,67.1,51.9,-57.3
65.6,67.1,51.9,-57.3
65.6,67.1,51.9,-57.3
65.6,67.1,51.9,-57.3
65.6,67.1,51.8,-57.3
65.6,67.1,51.8,-57.3
65.6,67.1,51.9,-57.3
65.6,67.1,51.9,-57.3
65.6,67.1,51.9,-57.3
65.6,67.1,51.9,-57.3
66.1,67.9,52.0,-52.4
66.1,67.9,52.0,-52.4
66.1,67.9,52.1,-52.4
66.1,67.9,52.3,-52.4
66.2,67.9,52.2,-52.4
66.1,67.9,52.1,-52.4
66.1,67.9,52.1,-52.4
66.1,67.9,52.4,-52.4
66.2,68.0,52.5,-52.4
66.2,68.0,52.5,-52.4
66.2,68.0,52.6,-52.4
66.2,68.0,52.5,-52.4
66.2,68.0,52.6,-52.4
66.2,68.0,52.6,-52.4
66.2,68.0,52.8,-52.4
66.7,68.1,52.8,-57.3
66.7,68.1,52.8,-57.3
66.7,68.1,52.8,-57.3
66.7,68.1,52.8,-57.3
66.7,68.1,52.8,-57.3
66.7,68.1,52.8,-57.3
66.7,68.1,52.8,-57.3
66.7,68.1,52.8,-57.3
66.7,68.1,52.8,-57.3
66.7,68.1,52.8,-57.3
66.7,68.1,52.8,-57.3
66.7,68.1,52.8,-57.3
66.7,68.1,52.8,-57.3
66.7,68.1,52.8,-57.3
66.7,68.1,52.8,-57.3
66.4,67.4,52.7,-60.3
66.4,67.4,52.7,-60.3
66.4,67.4,52.7,-60.3
66.4,67.4,52.7,-60.3
66.4,67.4,52.7,-60.3
66.4,67.4,52.6,-60.3
66.4,67.4,52.4,-60.3
66.4,67.4,52.0,-60.3
66.3,67.3,51.5,-60.3
66.3,67.3,51.1,-60.3
66.2,67.2,50.5,-60.3
66.1,67.2,49.9,-60.3
66.0,67.1,49.3,-60.3
66.0,67.0,48.7,-60.3
65.9,66.9,47.9,-60.3
66.1,66.4,47.4,-63.4
66.0,66.3,46.7,-63.4
65.9,66.3,45.8,-63.4
65.8,66.1,45.3,-63.4
65.8,66.1,44.7,-63.4
65.7,66.0,44.1,-63.4
65.6,66.0,43.4,-63.4
65.5,65.9,42.7,-63.4
65.4,65.8,42.1,-63.4
65.3,65.7,41.5,-63.4
65.3,65.6,40.7,-63.4
65.2,65.5,40.1,-63.4
65.1,65.5,39.5,-63.4
65.0,65.4,39.5,-63.4
65.0,65.4,38.3,-63.4
66.4,65.6,37.6,-61.7
66.3,65.5,36.6,-61.7
66.1,65.4,36.6,-61.7
66.1,65.4,35.8,-61.7
66.1,65.3,35.2,-61.7
66.0,65.3,34.6,-61.7
65.9,65.2,34.0,-61.7
65.8,65.1,33.5,-61.7
65.8,65.0,33.0,-61.7
65.7,65.0,32.3,-61.7
65.6,64.9,31.8,-61.7
65.6,64.9,31.1,-61.7
65.5,64.8,30.6,-61.7
65.4,64.7,29.9,-61.7
65.3,64.6,29.5,-61.7
67.0,64.6,28.7,-65.2
66.9,64.5,28.4,-65.2
66.8,64.5,27.4,-65.2
66.7,64.3,27.1,-65.2
66.7,64.3,26.5,-65.2
66.6,64.2,25.9,-65.2
66.5,64.2,25.5,-65.2
66.5,64.1,24.8,-65.2
66.4,64.0,24.3,-65.2
66.4,64.0,24.0,-65.2
66.3,63.9,23.4,-65.2
66.3,63.9,22.4,-65.2
66.1,63.8,22.3,-65.2
66.1,63.7,22.3,-65.2
68.2,64.6,19.7,-63.4
68.0,64.4,20.0,-63.4
68.0,64.4,20.0,-63.4
68.0,64.4,19.9,-63.4
68.0,64.4,18.9,-63.4
67.9,64.3,17.5,-63.4
67.7,64.1,17.0,-63.4
67.7,64.0,15.8,-63.4
67.5,63.9,14.8,-63.4
67.4,63.8,14.3,-63.4
67.4,63.7,12.1,-63.4
67.1,63.5,11.3,-63.4
67.1,63.4,9.1,-63.4
66.8,63.1,7.2,-63.4
66.6,62.9,6.3,-63.4
66.5,62.8,4.0,-63.4
68.6,65.4,3.4,-71.6
68.5,65.3,5.0,-71.6
68.6,65.5,5.0,-71.6
68.6,65.5,5.0,-71.6
68.6,65.5,4.7,-71.6
68.6,65.5,3.4,-71.6
68.5,65.3,3.4,-71.6
68.5,65.3,3.4,-71.6
68.5,65.3,3.4,-71.6
68.5,65.3,3.2,-71.6
68.5,65.3,3.4,-71.6
68.5,65.3,3.4,-71.6
68.5,65.3,3.4,-71.6
68.5,65.3,3.4,-71.6
69.2,65.7,3.2,-61.4
69.2,65.7,3.2,-61.4
69.2,65.7,3.3,-61.4
69.2,65.7,3.3,-61.4
69.2,65.7,3.5,-61.4
69.3,65.7,3.2,-61.4
69.2,65.7,3.2,-61.4
69.2,65.7,3.0,-61.4
69.2,65.7,3.3,-61.4
69.2,65.7,3.2,-61.4
69.2,65.7,3.3,-61.4
69.2,65.7,3.2,-61.4
69.2,65.7,3.2,-61.4
69.2,65.7,3.2,-61.4
69.2,65.7,3.2,-61.4
69.2,65.7,3.3,-61.4
69.2,65.7,3.2,-61.4
69.2,65.7,3.2,-61.4
69.4,65.7,3.2,-65.6
69.4,65.7,3.0,-65.6
69.3,65.7,3.2,-65.6
69.4,65.7,3.3,-65.6
69.5,65.7,3.3,-70.0
69.5,65.7,3.0,-70.0
69.5,65.7,3.2,-70.0
69.5,65.7,3.3,-70.0
69.4,65.7,3.3,-65.6
69.4,65.7,3.2,-65.6
69.4,65.7,3.2,-65.6
69.4,65.7,3.3,-65.6
69.4,65.7,3.2,-65.6
69.4,65.7,3.0,-65.6
69.3,65.7,3.3,-65.6
69.2,65.7,3.3,-61.4
69.2,65.7,3.2,-61.4
69.2,65.7,3.3,-61.4
69.2,65.7,3.2,-61.4
69.2,65.7,3.2,-61.4
69.2,65.7,3.3,-61.4
69.2,65.7,3.3,-61.4
69.2,65.7,3.2,-61.4
69.2,65.7,3.3,-61.4
69.4,65.7,3.2,-65.6
69.4,65.7,3.2,-65.6
69.4,65.7,3.2,-65.6
69.5,65.7,3.2,-70.0
69.5,65.7,3.2,-70.0
69.5,65.7,3.5,-70.0
69.3,65.7,3.2,-61.4
69.2,65.7,3.0,-61.4
69.2,65.7,3.3,-61.4
69.4,65.7,3.0,-65.6
69.3,65.7,3.2,-65.6
69.4,65.7,3.0,-65.6
69.2,65.7,3.2,-61.4
69.2,65.7,3.2,-61.4
69.4,65.7,3.2,-65.6
69.4,65.7,3.2,-65.6
69.4,65.7,3.2,-65.6
69.4,65.7,3.2,-65.6
