153.1,266.9
0.0
153.0,266.9
0.0
153.1,266.9
0.0
153.2,266.9
0.0
153.1,266.9
0.0
153.1,266.9
0.0
153.2,266.9
3.6
153.1,266.2
0.0
153.1,266.9
0.0
153.0,266.7
0.0
153.1,266.8
0.0
153.0,266.8
0.0
151.7,267.8
0.0
149.4,270.1
0.0
147.4,271.4
47.8
144.4,263.1
58.7
141.6,261.1
56.2
135.8,259.8
56.0
132.2,257.0
55.0
128.1,253.9
55.4
127.1,253.2
56.2
128.0,253.8
54.4
129.7,255.7
57.1
133.5,257.1
58.7
136.1,257.9
58.3
138.1,258.1
59.4
138.6,258.0
62.2
138.8,257.4
65.5
138.2,257.2
68.0
135.5,257.4
68.6
132.3,257.3
69.2
130.0,256.9
71.1
128.5,256.6
71.8
127.7,256.5
72.2
127.8,256.6
72.7
128.5,256.5
71.3
129.6,256.6
70.8
130.6,256.4
69.9
130.9,256.3
69.5
131.8,255.8
70.9
132.7,255.1
69.2
132.8,254.9
70.3
133.3,254.3
71.5
133.6,253.6
71.9
133.3,252.9
71.6
132.9,252.5
68.8
132.1,252.7
68.9
131.9,252.5
69.1
131.6,252.4
68.9
131.3,252.7
69.2
131.2,252.8
69.2
131.1,252.8
69.7
131.1,252.8
69.8
130.9,252.7
69.8
130.9,252.8
69.3
130.8,252.8
69.1
130.7,252.6
68.8
130.8,252.3
69.5
131.2,251.6
70.3
131.6,250.8
70.5
131.9,250.2
69.4
131.6,249.9
69.5
131.3,249.8
69.5
130.8,249.8
69.4
130.4,249.9
69.1
129.9,250.2
68.9
129.5,250.3
68.9
129.3,250.3
69.0
129.2,250.1
69.2
129.5,249.8
68.9
129.7,249.7
69.0
129.9,249.6
70.6
130.7,249.3
70.6
131.1,249.3
70.8
131.3,249.3
69.1
131.1,249.4
69.2
131.1,249.2
69.7
131.3,248.7
69.6
131.5,248.0
69.6
132.3,246.5
69.6
133.1,244.7
69.8
134.3,242.1
70.3
135.8,239.1
70.2
137.3,236.2
70.5
139.7,232.8
72.2
141.9,230.3
72.3
143.6,228.6
72.1
146.3,225.4
72.0
149.2,221.8
72.0
150.7,219.2
71.6
151.0,217.3
71.6
150.2,217.0
71.3
149.0,217.6
71.4
147.8,218.3
71.3
146.5,218.7
71.3
145.7,218.4
71.3
145.5,217.7
71.3
145.4,216.9
71.0
145.9,216.0
71.0
146.3,215.7
70.8
146.7,215.5
70.9
147.1,215.5
70.8
147.3,215.5
70.9
147.5,215.4
70.7
147.6,215.2
70.5
147.4,214.9
70.5
147.2,214.7
70.6
147.2,214.4
70.6
147.0,214.2
71.0
147.0,214.1
70.8
147.0,214.1
70.7
147.2,214.0
70.7
147.7,213.7
70.7
147.7,213.3
70.4
147.6,212.9
70.5
147.5,212.7
70.7
147.1,212.4
70.3
146.6,212.3
70.5
146.1,212.2
70.4
145.6,212.0
70.3
145.1,211.7
70.5
144.8,211.3
67.8
144.3,210.3
70.1
144.7,210.4
70.1
145.0,210.0
70.3
145.3,209.6
70.7
145.7,209.3
70.9
146.1,208.9
70.6
146.3,208.7
70.6
146.5,208.4
70.3
147.0,208.1
70.5
147.5,207.6
70.6
147.1,207.1
70.7
146.0,206.4
70.2
144.5,205.5
70.2
143.6,204.8
69.8
143.0,204.2
69.8
142.8,203.6
69.8
142.7,203.4
69.6
142.7,203.0
69.8
142.5,202.7
70.0
142.2,202.2
70.3
141.7,201.3
70.5
141.4,200.7
70.4
141.1,199.6
70.6
141.1,198.9
70.3
141.2,198.5
70.2
141.5,198.3
67.7
141.4,197.6
70.3
142.3,198.1
67.4
142.4,197.4
67.7
142.6,198.1
70.5
143.3,199.0
67.4
143.0,198.6
67.6
143.1,198.8
67.6
143.1,198.7
69.5
143.4,198.9
70.3
143.5,198.7
69.5
143.3,198.2
69.5
143.3,197.7
70.3
143.3,197.6
67.2
143.0,196.6
70.4
143.6,197.0
70.4
143.9,196.7
67.9
143.8,195.8
68.0
144.0,195.7
70.3
144.2,196.1
67.6
143.6,195.5
71.1
143.6,196.7
70.4
143.5,196.8
67.5
143.6,196.5
70.9
145.0,197.9
67.3
146.1,197.5
70.1
147.9,198.5
70.1
150.1,198.8
70.5
152.1,199.0
70.6
154.7,198.9
69.9
156.7,198.4
70.8
159.1,197.6
70.9
160.3,196.5
70.2
160.2,195.2
70.4
159.0,193.7
70.2
157.1,192.5
70.1
155.5,191.6
69.7
153.4,189.4
70.6
152.7,188.5
70.2
152.3,187.4
66.6
152.4,185.3
70.7
153.1,186.5
67.3
153.7,185.3
69.8
155.1,186.6
70.3
156.1,187.8
70.5
157.1,189.3
67.3
157.7,189.4
67.7
158.3,189.6
66.9
158.5,189.1
67.6
158.8,189.2
70.7
159.2,190.1
71.2
159.7,190.3
68.4
160.3,189.8
71.3
161.0,191.3
71.0
161.2,191.5
68.6
161.3,190.6
71.2
161.4,191.0
70.9
161.3,190.5
66.7
161.5,188.9
70.9
161.4,190.0
70.4
161.3,189.7
66.7
161.3,188.4
70.7
161.3,189.8
70.2
161.2,189.7
70.0
161.1,189.8
69.9
161.1,189.8
69.9
161.2,189.9
66.1
161.7,188.6
70.2
161.6,189.7
68.4
161.3,188.8
66.0
161.0,188.0
65.6
160.8,187.8
69.8
160.5,189.4
68.8
160.4,189.2
68.7
160.7,189.2
68.8
161.0,189.0
69.0
161.6,189.0
68.6
162.2,188.8
68.6
162.7,188.8
69.4
163.1,189.4
69.5
163.2,189.8
65.9
163.4,189.2
70.0
163.1,190.7
69.7
162.8,190.9
69.9
162.4,191.3
70.3
161.8,191.4
70.4
161.5,191.4
70.3
161.7,191.7
70.3
161.7,192.7
66.9
161.6,192.9
70.8
161.5,195.7
70.7
161.2,197.7
71.2
161.2,199.3
71.3
161.5,200.6
71.7
162.0,201.6
71.9
162.5,202.5
71.9
162.8,203.3
71.9
162.2,202.9
71.8
161.3,202.3
71.9
160.4,202.1
71.7
159.9,202.3
71.5
160.3,202.5
71.7
160.9,202.5
71.7
161.3,202.5
71.6
161.4,202.4
71.5
161.4,202.3
71.5
161.3,202.1
71.3
161.1,201.9
71.3
161.3,201.7
71.2
161.2,201.4
71.2
161.3,201.5
71.1
161.4,201.6
70.9
161.7,201.6
70.7
161.9,201.7
70.8
162.1,201.6
70.6
162.4,201.6
70.5
163.2,201.8
70.5
164.1,202.6
70.6
164.9,204.0
70.7
165.9,206.1
70.7
166.8,208.5
70.9
168.0,210.9
70.7
168.3,211.8
71.1
167.7,212.0
71.0
166.9,212.0
70.8
166.0,212.4
70.8
165.5,212.7
70.8
165.4,213.3
70.7
165.8,213.6
70.7
166.4,213.6
70.7
167.6,213.1
70.9
168.7,212.6
70.9
169.4,212.2
70.8
169.9,211.9
70.9
170.2,211.6
71.0
170.5,211.4
70.9
170.6,211.5
70.8
170.5,211.7
70.7
170.8,211.9
70.6
171.5,212.0
70.5
172.1,212.0
70.8
172.1,212.0
70.8
171.8,211.7
70.9
171.6,211.5
70.6
171.0,210.9
70.7
170.3,210.3
70.8
169.7,209.8
70.9
169.5,209.3
70.9
169.4,208.8
71.3
169.3,208.5
71.1
169.1,208.4
70.9
169.1,208.3
70.6
169.1,208.5
70.6
169.3,208.7
70.6
169.3,208.8
69.8
169.8,209.3
68.8
170.2,209.6
67.1
170.5,209.6
64.7
170.9,209.3
67.4
170.7,209.8
66.9
170.8,209.9
66.8
170.7,209.9
66.8
170.6,209.9
67.3
170.5,210.1
67.0
170.4,210.2
67.0
170.5,210.5
66.7
170.6,210.7
67.5
170.7,210.6
67.3
170.9,210.4
67.6
171.1,210.2
67.3
171.3,210.1
67.3
171.3,210.1
63.6
171.6,209.7
66.9
171.4,210.2
63.2
171.7,209.9
64.3
171.6,210.4
67.6
171.6,211.5
63.2
173.1,212.1
66.9
174.3,213.9
67.0
175.7,214.9
67.0
177.6,215.9
67.3
179.6,217.2
67.3
182.3,218.8
67.9
184.7,220.7
67.9
186.9,222.2
68.0
189.0,223.7
68.0
191.1,225.2
68.0
192.8,226.2
68.0
193.5,226.3
68.1
193.1,225.3
68.1
192.7,224.8
68.2
192.3,224.8
68.1
192.2,225.1
68.1
192.5,225.7
68.2
193.0,226.2
68.4
193.2,226.4
68.4
193.4,226.3
68.4
193.6,226.3
68.4
193.9,226.2
68.4
194.1,226.2
68.3
194.3,226.3
68.3
194.3,226.4
68.2
194.3,226.7
68.2
194.3,226.8
68.1
194.2,226.9
67.9
194.2,226.9
67.4
194.4,227.0
67.4
194.8,227.7
67.2
195.9,228.8
67.3
197.3,230.5
67.4
199.4,233.2
67.4
202.2,237.0
67.6
205.4,241.2
67.0
208.3,244.7
66.9
210.6,247.9
67.0
211.7,249.7
67.3
211.2,250.0
67.5
210.7,249.9
66.4
210.9,249.8
66.4
211.1,249.4
66.4
211.7,248.8
66.3
212.4,248.6
67.4
212.6,248.3
67.5
212.7,247.9
67.1
212.9,247.5
68.0
212.5,246.9
67.5
212.7,246.2
67.7
212.8,245.6
67.0
213.0,245.3
67.0
213.2,245.1
67.0
213.4,245.0
67.0
213.4,245.3
66.7
213.6,245.5
66.7
213.6,245.7
66.6
213.5,246.0
66.4
213.5,246.3
66.3
213.6,246.5
66.6
213.4,246.8
66.6
213.6,247.1
66.5
213.6,247.2
66.7
213.8,247.2
66.7
213.9,247.2
66.9
213.8,247.2
66.8
213.9,247.3
66.9
213.9,247.5
66.9
213.9,247.8
67.1
213.7,247.6
67.1
213.6,247.4
66.9
213.6,247.0
66.8
213.5,246.6
66.7
213.6,246.2
66.6
213.8,245.9
66.9
214.0,245.7
67.0
214.4,245.8
67.0
214.8,246.2
67.2
214.8,246.8
67.1
214.9,247.2
66.9
214.9,247.5
66.8
214.8,247.8
66.8
214.6,247.8
66.2
214.7,247.8
66.4
214.6,247.6
66.4
214.6,247.3
66.3
214.6,247.0
66.5
214.4,247.0
66.7
214.2,247.3
66.0
214.7,248.4
66.4
215.2,250.0
66.7
215.8,252.3
66.4
216.4,254.8
66.2
216.2,255.8
66.7
215.5,255.6
66.6
214.9,255.1
66.7
213.7,254.0
66.6
212.8,253.0
66.3
212.2,252.5
67.0
211.4,252.4
66.3
211.6,253.0
65.4
212.2,253.6
66.4
212.1,253.6
66.7
212.5,253.9
65.9
213.1,254.3
65.6
213.6,254.3
66.6
213.3,254.0
66.3
213.2,253.9
66.4
213.1,253.8
65.4
213.3,253.9
66.4
212.8,253.5
65.1
213.4,253.6
64.8
213.5,253.5
66.4
212.8,253.3
67.3
212.6,253.0
66.5
213.1,253.3
66.7
213.0,253.5
67.4
213.0,253.4
67.6
213.1,253.5
66.8
213.5,253.7
67.6
213.3,253.9
67.6
213.5,254.1
67.0
214.2,254.4
65.9
215.0,254.9
65.7
216.2,255.2
66.6
216.7,255.4
66.4
217.4,255.7
66.5
218.0,255.8
66.5
218.4,256.2
66.5
218.6,256.4
66.5
218.8,256.8
66.5
218.8,257.0
66.7
218.7,257.0
66.8
218.7,257.1
66.7
218.8,257.0
66.8
219.1,256.9
66.6
219.1,256.8
66.7
219.2,256.6
66.6
219.3,256.5
66.6
219.4,256.4
66.6
219.3,256.1
65.7
219.6,256.1
64.7
219.9,256.1
65.4
219.4,255.8
65.4
219.3,255.8
65.4
219.0,256.2
65.1
218.9,256.7
67.2
217.5,256.7
67.1
217.4,257.1
66.8
217.2,257.5
66.7
217.1,257.8
65.7
217.5,258.1
66.2
217.3,257.9
65.9
217.5,258.0
65.4
217.8,258.2
65.4
217.9,258.2
65.5
218.1,258.2
65.3
218.2,258.4
65.4
218.1,258.6
65.3
218.2,258.8
65.3
218.4,259.1
65.4
218.5,259.3
65.6
218.6,259.3
65.8
218.7,259.2
65.7
218.6,259.0
65.8
218.6,258.7
65.8
218.4,258.7
65.6
218.3,259.0
65.7
218.4,259.2
65.9
218.5,259.5
65.6
218.9,259.7
65.6
219.4,259.6
65.5
219.8,259.3
65.5
219.8,258.4
65.6
218.9,256.8
65.9
217.3,254.4
66.0
215.7,252.4
66.0
214.1,250.2
65.9
212.7,247.6
65.9
210.9,243.4
66.0
209.1,238.9
66.2
207.4,235.3
66.0
205.8,232.6
66.0
203.6,229.7
65.9
201.8,226.9
65.5
202.3,226.3
65.2
203.9,226.8
65.2
205.6,227.5
65.2
207.3,228.4
65.3
209.2,229.3
65.4
210.0,229.6
65.5
211.2,229.7
65.5
212.7,230.1
65.6
213.5,230.5
65.6
214.1,231.0
65.7
214.0,231.4
66.0
213.6,231.5
65.9
213.4,231.6
66.1
213.0,231.8
66.0
212.9,232.1
65.9
213.0,232.2
65.9
213.1,232.4
65.9
213.5,232.4
65.9
213.5,232.2
65.9
213.4,232.1
65.8
213.0,231.7
65.8
212.4,230.9
65.8
211.9,230.1
65.9
211.1,228.5
66.0
210.6,226.9
66.0
209.8,224.9
66.0
208.4,222.2
65.7
207.3,220.6
65.8
205.8,219.3
65.9
204.3,217.8
65.9
203.2,215.8
65.9
202.0,213.7
65.9
202.2,212.6
66.0
203.3,212.7
66.0
204.9,212.5
65.9
205.7,212.3
66.0
205.6,212.1
65.7
205.4,212.0
65.5
204.8,212.1
65.5
204.1,212.4
65.3
203.9,212.9
65.2
204.1,213.3
0.0
225.9,205.7
64.6
204.8,213.8
64.8
205.1,214.1
64.8
205.3,214.1
0.0
227.1,206.6
63.3
205.8,213.7
67.2
204.2,213.9
0.0
226.1,205.5
64.1
204.9,212.9
67.7
204.0,212.9
60.9
206.7,211.5
64.3
206.0,211.5
61.1
207.5,210.8
61.4
207.8,210.8
64.3
207.1,211.1
61.3
208.6,211.0
61.8
208.8,211.3
61.5
209.4,211.5
64.5
209.0,212.3
61.6
210.2,212.0
61.9
210.4,212.2
62.1
210.5,212.4
62.1
210.5,212.5
64.9
209.2,212.9
67.7
208.0,212.9
65.4
208.9,212.3
62.8
210.0,211.6
61.1
210.8,211.1
62.0
210.7,211.3
61.8
211.0,211.7
68.3
208.5,213.1
64.8
209.8,213.1
64.6
209.7,213.7
65.0
209.2,214.2
64.8
208.9,214.3
64.8
208.4,214.2
65.2
207.8,213.9
67.8
206.6,213.6
65.0
207.5,212.9
61.7
208.0,212.2
64.6
205.6,211.8
64.9
203.2,210.8
61.0
202.1,209.0
61.5
200.1,208.1
64.9
196.4,206.9
0.0
212.2,193.5
0.0
213.3,192.2
65.6
196.8,204.1
61.1
199.2,202.7
62.3
200.6,202.2
0.0
221.6,188.3
67.0
202.3,201.3
64.3
204.3,199.6
61.9
206.3,197.6
0.0
228.3,181.0
73.4
204.1,197.3
0.0
230.6,176.3
0.0
231.7,175.1
0.0
232.0,174.5
0.0
232.0,174.0
0.0
232.0,173.4
0.0
232.5,173.1
93.8
198.7,199.5
57.6
212.1,189.3
0.0
233.5,173.5
69.1
208.3,193.4
61.1
211.2,191.8
0.0
233.9,175.7
0.0
234.0,176.1
0.0
234.4,176.2
69.3
208.9,194.5
0.0
235.2,175.1
0.0
235.5,174.0
0.0
235.7,172.1
0.0
235.7,170.8
0.0
235.7,169.8
0.0
235.3,169.0
0.0
235.1,168.8
0.0
234.7,169.5
0.0
235.0,170.7
0.0
235.2,171.9
0.0
235.5,173.1
0.0
235.3,174.9
0.0
234.2,177.4
0.0
232.2,179.0
0.0
229.5,179.3
0.0
226.5,179.4
0.0
222.3,179.5
0.0
218.5,180.0
0.0
215.1,181.5
0.0
212.2,183.3
0.0
208.9,184.9
66.9
189.3,201.3
0.0
200.2,188.3
0.0
196.3,189.4
0.0
190.5,190.8
66.1
177.4,204.3
0.0
181.4,192.3
66.1
171.6,204.9
60.8
170.9,203.5
65.1
171.2,202.9
61.0
172.9,201.0
61.5
173.7,200.0
61.6
174.1,199.2
0.0
180.4,184.9
0.0
179.7,184.9
0.0
178.9,184.9
66.6
172.2,200.3
95.3
169.1,206.9
62.3
171.7,200.0
61.4
171.5,199.8
65.0
171.3,200.5
61.2
171.8,199.5
91.3
169.3,206.1
59.0
172.0,198.8
61.1
171.8,199.3
64.9
171.5,200.3
60.4
171.7,199.6
60.7
171.4,199.9
60.6
171.3,199.9
61.3
171.2,199.9
61.4
171.1,199.8
61.4
171.2,200.1
61.1
171.2,200.2
65.5
171.0,201.2
60.9
171.2,200.2
60.4
171.1,200.0
61.0
171.0,200.0
60.9
170.8,199.7
60.4
170.6,199.4
60.7
170.4,199.6
0.0
174.6,186.5
65.9
169.5,201.0
0.0
174.0,186.9
0.0
174.1,186.5
66.7
170.0,200.5
62.6
170.7,199.0
0.0
176.4,184.3
0.0
177.7,183.1
0.0
178.7,182.6
0.0
179.6,182.6
67.8
173.3,198.6
0.0
180.3,182.6
74.0
173.0,200.0
0.0
180.8,182.2
68.0
173.9,198.1
61.3
174.7,196.4
62.4
174.5,196.8
62.3
174.4,196.9
0.0
180.7,182.7
68.0
173.7,199.1
64.2
173.9,198.2
61.2
173.8,197.1
62.2
173.3,197.1
62.2
172.9,196.7
0.0
177.6,181.9
0.0
177.4,182.4
68.0
171.6,199.1
0.0
178.2,184.4
67.3
172.6,200.6
0.0
180.3,187.8
72.1
173.8,204.2
67.0
174.8,204.2
61.7
175.8,204.4
0.0
183.1,193.8
66.3
175.4,205.9
0.0
183.0,193.6
66.2
175.3,205.3
61.9
175.5,204.4
0.0
182.4,192.9
66.2
174.6,205.2
61.4
175.2,204.2
61.8
175.2,204.0
61.8
175.2,203.8
62.7
175.3,204.0
0.0
182.4,192.1
66.4
175.2,204.7
61.4
176.0,204.0
0.0
183.5,192.8
66.7
175.9,205.3
68.0
175.9,205.8
0.0
184.1,193.8
0.0
184.5,194.5
66.3
176.4,206.4
61.8
177.1,205.8
0.0
185.1,195.0
66.6
176.9,206.8
0.0
185.6,195.2
0.0
185.7,195.7
71.4
176.7,208.3
61.6
177.7,207.1
67.6
176.6,208.4
0.0
184.4,197.7
65.1
175.8,208.7
62.4
175.7,208.7
64.5
175.4,209.4
60.9
175.7,208.9
61.5
175.8,209.1
61.5
176.1,209.1
64.8
176.0,209.3
61.5
176.6,208.5
69.0
176.1,209.3
0.0
184.9,198.5
64.6
176.8,208.9
60.5
177.1,208.5
64.5
176.6,209.3
64.8
176.5,209.4
61.0
176.9,208.7
61.0
176.8,208.8
61.3
176.5,208.7
60.9
176.5,208.6
64.2
174.8,210.0
60.2
173.3,210.9
60.7
171.1,212.2
62.3
167.7,214.2
60.9
164.1,215.7
64.4
160.5,217.2
64.5
157.5,218.1
64.3
152.8,219.1
64.6
147.4,220.6
64.8
143.0,222.2
64.6
141.5,222.3
64.8
141.7,221.5
64.7
142.9,219.8
64.9
143.8,218.3
64.9
143.8,217.1
65.0
143.3,216.6
64.9
142.7,216.8
65.1
142.3,217.7
65.0
142.0,218.5
65.1
142.1,219.2
65.1
142.3,219.6
65.0
142.6,219.5
65.1
142.5,219.1
65.2
142.5,218.9
65.3
142.3,218.7
65.4
142.1,218.5
65.2
141.5,218.9
65.1
140.9,219.8
65.1
140.1,220.0
65.1
139.8,219.6
65.1
139.4,219.1
65.1
139.0,218.8
65.1
138.7,218.9
65.0
138.7,219.1
65.1
138.9,219.4
65.1
139.3,219.7
65.0
139.7,219.9
64.9
140.4,219.9
64.9
140.9,219.6
65.1
141.0,219.3
65.2
140.6,219.1
64.1
140.1,218.9
64.1
139.8,218.9
65.0
139.6,218.9
64.2
139.5,218.9
65.2
139.7,219.2
64.2
139.7,219.1
64.2
140.0,219.2
64.1
140.5,219.4
64.1
140.9,219.7
62.8
140.8,220.2
64.0
140.8,221.4
65.1
140.7,223.1
64.0
140.0,224.0
63.2
138.7,225.3
64.8
136.4,227.4
64.6
134.1,228.9
64.9
132.2,230.0
65.0
130.8,230.2
62.9
130.2,229.5
65.1
130.9,228.3
65.0
131.5,226.7
65.0
131.8,225.5
64.8
131.7,224.8
63.7
131.3,224.7
64.6
131.1,225.0
63.9
130.7,225.4
62.4
130.2,226.0
65.3
130.7,226.9
63.5
130.2,227.7
62.6
130.0,228.4
64.0
130.2,229.2
64.5
130.1,229.7
64.6
130.0,230.2
64.4
129.7,230.7
62.3
128.9,230.8
61.9
128.4,230.6
62.0
127.8,230.3
63.9
127.8,230.1
61.7
127.2,229.9
65.9
128.1,229.8
62.6
127.3,230.0
61.5
126.9,230.3
63.8
127.3,230.5
63.4
126.9,230.9
64.6
126.9,231.1
63.8
126.3,231.3
64.0
126.0,231.5
65.1
126.0,231.6
65.0
125.8,231.8
64.2
125.5,232.0
64.3
125.6,232.0
63.6
125.6,232.3
63.7
125.7,232.6
64.4
126.1,233.0
64.3
126.0,233.0
64.3
125.9,232.8
61.9
125.0,232.7
64.1
125.7,232.3
64.2
125.7,232.0
64.2
126.2,231.7
64.3
126.6,231.5
64.3
127.2,231.3
64.2
127.3,231.3
64.1
127.2,231.6
64.3
127.0,231.9
64.2
126.6,232.3
64.3
126.3,232.9
64.1
126.1,233.7
63.9
125.8,235.3
63.4
125.4,237.7
63.1
124.8,240.4
63.4
123.9,244.7
63.3
123.0,249.1
63.2
122.2,253.0
63.5
121.5,257.2
63.7
120.8,259.2
63.8
119.9,259.6
63.9
118.7,259.3
64.0
117.9,259.2
63.9
117.5,259.0
64.1
117.3,258.8
64.1
117.0,258.8
64.2
116.9,258.8
64.0
117.1,259.0
64.4
117.4,259.1
64.5
117.7,259.2
64.4
117.8,259.3
64.5
117.9,259.4
64.6
117.8,259.7
64.7
117.5,259.9
64.8
117.3,260.0
64.7
117.2,260.1
64.9
117.4,260.5
64.7
117.2,260.6
64.7
116.5,260.4
64.6
115.9,260.5
64.7
115.7,260.2
64.8
115.7,260.0
64.5
115.6,260.0
64.4
115.6,260.2
64.2
115.5,260.4
64.4
115.5,260.5
64.3
115.3,260.5
64.2
115.2,260.3
64.2
115.0,260.3
64.1
114.8,260.1
64.0
114.6,260.0
64.0
114.5,260.1
63.9
114.6,260.2
63.1
114.3,260.5
63.6
114.7,260.3
63.9
114.9,260.3
65.1
115.6,259.9
64.3
115.5,260.0
64.0
115.6,260.0
64.0
115.7,260.2
64.0
115.7,260.7
65.1
115.8,261.0
63.1
114.9,261.8
65.3
115.3,261.8
64.4
115.0,262.6
62.4
114.4,263.8
64.6
115.1,263.6
65.0
115.5,263.9
65.1
115.9,264.1
63.7
115.5,264.5
64.8
116.1,263.9
64.9
115.9,263.4
65.0
116.2,262.8
63.8
116.2,262.4
63.7
117.5,261.6
63.8
119.3,260.6
65.1
123.2,258.6
63.7
125.8,257.7
65.0
130.1,255.4
65.0
132.1,254.4
64.9
132.0,254.2
64.9
131.5,254.3
64.0
130.3,254.6
64.5
130.4,254.3
63.8
131.0,254.0
63.7
132.2,253.5
63.6
133.4,253.1
64.2
135.1,252.6
64.2
136.5,252.4
63.6
137.2,252.3
63.7
138.2,251.9
64.1
138.6,251.6
64.1
138.6,251.5
63.7
138.1,251.5
63.7
137.7,251.7
64.1
137.2,251.7
64.1
136.7,251.8
63.4
136.5,252.0
63.1
136.2,252.2
63.3
136.2,252.3
63.1
136.2,252.5
63.2
136.8,252.3
61.2
137.4,252.2
56.9
137.3,252.4
53.8
138.0,251.9
50.3
138.4,251.6
45.7
139.8,251.6
37.8
141.6,252.9
0.0
140.9,259.6
27.7
147.9,257.6
0.0
150.0,264.1
0.0
154.7,265.4
0.0
156.7,266.6
115.1
158.6,245.5
0.0
156.8,266.4
0.0
156.8,266.5
0.0
156.6,266.5
0.0
156.8,266.5
0.0
156.6,266.6
115.8
158.6,245.4
0.0
156.8,266.5
116.0
158.6,245.4
0.0
