0.0,0.0,0.0
0.0,0.0,0.0
0.0,0.0,0.0
103.2,65.6,3.7
103.2,65.6,3.7
103.4,65.6,3.5
103.2,65.6,3.5
103.2,65.6,3.5
103.2,65.6,3.5
103.2,65.6,3.6
103.2,65.6,3.5
103.2,65.6,3.5
103.2,65.6,3.5
103.2,65.6,3.6
103.2,65.6,3.6
103.2,65.6,3.5
103.2,65.6,3.5
103.2,65.6,3.6
103.2,65.6,3.5
103.2,65.6,3.6
103.4,65.6,3.6
103.4,65.6,3.6
103.4,65.6,3.5
103.4,65.6,3.5
103.4,65.6,3.5
103.4,65.6,3.5
103.2,65.6,3.6
103.2,65.6,3.4
103.2,65.6,3.5
103.2,65.6,3.5
103.2,65.6,3.5
103.4,65.6,3.5
103.4,65.6,3.4
103.5,65.6,3.5
103.4,65.6,3.6
103.4,65.6,3.6
103.2,65.6,3.6
103.4,65.6,3.5
103.4,65.6,3.5
103.4,65.6,3.6
103.4,65.6,3.6
103.2,65.6,3.6
103.4,65.6,3.5
103.2,65.6,3.5
103.2,65.6,3.6
103.4,65.6,3.5
103.2,65.6,3.5
103.2,65.6,3.5
103.2,65.6,3.5
103.2,65.6,3.5
103.4,65.6,3.5
103.2,65.6,3.5
103.2,65.6,3.6
103.2,65.6,3.6
103.4,65.6,3.6
103.4,65.6,3.5
103.5,65.6,3.4
103.2,65.6,3.5
103.2,65.6,3.5
103.2,65.6,3.4
103.2,65.6,3.7
103.2,65.6,3.7
103.2,65.6,3.6
103.2,65.6,3.5
103.2,65.6,3.5
103.2,65.6,3.5
103.2,65.6,3.5
103.2,65.6,3.6
103.5,65.6,3.5
103.5,65.6,3.5
103.5,65.6,3.5
103.5,65.6,3.5
103.5,65.5,3.4
103.5,65.5,3.5
103.5,65.5,3.7
103.5,65.2,3.7
103.6,65.2,3.6
103.9,64.9,3.6
104.0,64.8,3.6
104.0,64.8,3.6
104.1,64.8,4.2
104.3,64.7,4.4
104.3,64.7,4.9
105.1,64.4,5.6
105.1,64.3,6.6
105.6,64.0,7.7
105.6,63.8,8.9
105.9,63.5,10.4
106.4,63.2,10.4
106.4,63.2,10.4
106.3,63.2,12.0
107.0,62.5,15.8
107.1,62.6,17.1
107.5,62.2,19.0
107.8,62.0,20.9
107.7,62.3,20.9
108.1,61.7,24.1
108.8,61.2,26.2
108.9,61.0,27.8
109.4,60.7,27.8
109.4,60.7,27.8
109.7,60.3,30.0
109.5,60.6,30.0
110.6,60.0,31.7
110.9,60.0,31.7
110.9,60.0,35.4
111.4,60.0,39.0
111.1,60.5,41.0
111.1,60.8,41.0
111.5,60.6,42.9
111.7,60.9,44.7
112.2,60.8,48.7
112.5,61.1,48.8
112.5,61.1,48.8
112.5,61.1,50.6
112.5,61.1,50.6
112.3,61.4,50.7
112.5,61.4,52.4
112.1,62.2,58.3
112.1,62.5,58.3
112.1,62.5,59.4
112.1,62.7,59.4
112.1,62.7,59.8
112.1,62.7,59.8
112.1,62.7,61.0
111.9,62.9,61.0
111.9,62.9,61.0
112.1,62.8,61.9
112.2,63.1,62.2
112.2,63.1,62.4
112.2,63.1,62.4
112.2,63.1,61.9
112.2,63.1,61.2
112.5,62.9,61.0
112.7,62.9,60.3
112.7,62.9,60.3
112.8,62.8,59.8
112.8,62.8,59.8
112.8,62.7,59.8
112.8,62.7,59.8
112.8,62.7,59.0
112.9,62.6,58.7
113.1,62.4,57.5
113.1,62.6,57.3
113.1,62.6,56.6
113.1,62.6,56.6
113.2,62.7,56.6
113.2,62.7,56.5
113.1,62.7,56.5
113.1,62.9,56.0
113.2,62.9,55.3
113.2,62.9,55.3
113.1,63.0,55.0
113.2,62.9,54.6
113.0,62.9,53.8
112.9,63.1,53.9
112.9,63.1,52.8
112.9,63.1,52.8
112.7,63.3,52.8
112.7,63.3,52.8
112.2,63.7,52.6
112.2,63.7,51.6
111.8,64.0,51.6
111.8,64.0,51.6
111.8,64.0,51.3
111.5,64.2,50.6
111.4,64.3,50.4
111.4,64.3,50.4
110.9,64.5,50.1
111.0,64.5,49.5
110.9,64.6,49.3
110.8,64.6,49.0
110.9,64.6,48.4
110.6,64.6,48.4
110.6,64.6,48.4
110.5,64.7,47.8
110.6,64.7,47.3
110.6,64.6,46.9
110.5,64.5,46.9
110.5,64.5,46.9
110.5,64.7,46.9
110.3,64.7,46.6
110.2,64.7,46.6
110.2,64.7,46.6
110.2,64.7,45.9
110.2,64.6,45.7
110.1,64.7,45.4
110.2,64.7,45.4
110.0,64.8,45.4
110.0,64.8,44.4
109.8,64.9,44.4
109.8,64.9,44.1
109.8,64.9,43.9
109.8,64.9,43.9
109.8,64.9,43.7
109.7,65.2,43.7
109.7,65.2,43.2
109.5,65.3,43.2
109.4,65.6,43.2
109.3,65.7,42.9
109.3,65.7,42.5
109.4,65.6,42.2
109.2,66.0,42.2
109.2,66.0,42.1
109.2,66.0,42.1
109.1,66.1,41.9
109.1,66.0,41.9
109.1,66.0,41.8
109.1,66.1,40.6
109.2,66.1,40.6
109.2,66.1,40.6
109.2,66.1,39.8
109.3,66.0,39.4
109.3,66.0,39.4
109.3,66.0,39.4
109.3,66.0,39.4
109.3,66.0,39.4
109.3,66.0,38.6
109.4,65.9,37.9
109.4,65.8,37.5
109.5,65.8,37.5
109.5,65.5,37.2
109.5,65.5,36.1
109.7,65.1,36.1
109.7,65.1,36.1
109.7,65.1,36.1
109.8,64.9,35.8
109.8,64.8,35.8
109.8,64.7,35.5
109.9,64.7,34.8
109.9,64.5,34.6
109.9,64.5,34.6
109.9,64.5,34.6
109.8,64.1,34.6
109.8,64.1,34.6
109.8,64.1,34.6
109.7,64.1,34.5
109.7,63.9,34.5
109.7,63.9,34.5
109.6,63.8,34.5
109.5,63.8,34.5
109.5,63.8,34.5
109.5,63.8,34.5
109.4,63.8,34.6
109.4,63.8,34.6
109.4,63.8,34.9
109.4,63.9,34.9
109.3,63.9,34.9
109.3,63.9,34.9
109.1,63.8,35.7
109.1,63.8,35.8
109.1,63.9,36.0
109.0,63.9,36.4
108.9,63.9,36.8
108.9,63.9,36.8
108.9,63.9,36.8
108.9,63.9,37.1
109.1,63.9,37.6
109.3,64.0,38.0
109.3,64.0,38.0
109.2,64.0,38.2
109.2,64.0,38.3
109.3,64.2,38.6
109.3,64.2,38.6
109.4,64.1,38.6
109.4,64.1,38.6
109.8,64.2,38.9
109.8,64.3,39.5
110.1,64.3,39.7
110.1,64.3,39.7
110.1,64.3,39.7
110.3,64.5,39.7
110.3,64.5,39.7
110.6,64.5,40.4
110.6,64.5,40.4
110.6,64.5,40.7
111.1,64.4,41.1
111.1,64.4,41.3
111.1,64.4,41.4
111.1,64.4,41.4
111.1,64.3,41.4
111.1,64.1,41.4
111.1,64.1,42.0
111.0,64.0,42.0
111.0,64.0,42.0
111.0,64.0,42.0
111.0,63.9,42.0
111.0,63.9,42.0
111.2,63.7,42.1
111.4,63.7,43.0
111.3,63.7,43.0
111.3,63.5,43.2
111.3,63.5,43.2
111.3,63.4,43.2
111.3,63.4,43.4
111.3,63.4,43.4
111.3,63.4,43.5
111.3,63.4,43.6
111.3,63.4,43.9
111.0,63.6,44.0
111.0,63.6,44.2
111.0,63.6,44.2
111.0,63.6,44.2
110.8,63.8,44.3
110.8,63.8,44.3
110.8,63.8,44.3
110.7,63.9,44.6
110.7,63.9,44.6
110.5,63.9,44.5
110.2,64.0,44.8
110.2,64.0,44.8
110.2,64.0,45.1
110.2,64.1,45.5
109.8,64.3,45.5
109.8,64.3,45.5
109.6,64.4,45.6
109.6,64.4,45.6
109.6,64.4,45.6
109.6,64.4,45.8
109.4,64.4,45.8
109.4,64.4,46.3
109.1,64.5,46.7
109.0,64.5,46.7
108.9,64.8,46.8
108.9,64.8,47.0
108.9,64.8,47.2
108.9,64.8,47.2
108.8,64.9,47.2
108.8,64.9,47.5
108.7,65.0,47.5
108.7,65.0,47.9
108.7,65.0,47.9
108.7,65.0,47.9
108.7,65.0,47.9
108.7,64.9,48.1
108.7,64.9,48.1
108.7,64.9,48.1
108.7,64.8,48.8
108.7,64.6,48.8
108.7,64.6,48.8
108.8,64.3,48.9
108.8,64.4,48.9
108.8,64.0,49.2
108.8,64.0,49.4
109.0,63.7,49.6
109.0,63.7,49.6
109.0,63.8,49.6
109.0,63.8,50.5
109.0,63.6,50.7
109.1,63.2,50.6
109.1,63.2,50.6
109.1,63.2,50.6
109.1,63.2,50.6
109.1,63.2,50.6
109.0,63.0,51.6
109.1,62.9,51.6
109.2,62.5,52.2
109.2,62.3,52.2
109.2,62.3,52.8
109.2,61.9,53.2
109.2,61.9,53.2
109.2,62.0,53.8
109.1,62.1,54.2
109.1,61.8,54.6
109.1,61.8,55.6
109.0,61.9,55.7
109.0,61.9,55.7
109.1,61.6,56.1
109.2,61.5,56.1
109.2,61.5,56.5
109.3,61.6,56.9
109.2,61.4,56.9
109.2,61.4,57.7
109.2,61.4,57.7
109.2,61.6,57.7
109.1,61.5,58.7
109.2,61.3,59.4
109.1,61.4,60.1
109.0,61.3,60.6
109.0,61.3,60.6
109.0,61.3,60.6
109.0,61.3,61.1
108.8,61.2,61.3
108.8,61.2,61.4
108.9,61.2,61.4
108.9,61.2,62.0
108.9,61.2,62.0
108.9,61.2,62.0
109.1,61.2,62.0
109.1,61.2,62.0
109.2,61.3,62.5
109.5,61.3,62.6
109.5,61.3,62.6
109.5,61.3,62.6
109.7,61.4,62.8
109.7,61.5,63.1
110.2,61.7,62.5
110.5,61.6,62.5
110.5,61.6,62.5
110.5,61.6,63.2
110.9,62.0,63.3
110.9,62.0,63.7
111.1,62.0,64.3
111.6,62.3,64.3
111.6,62.3,64.3
112.0,62.3,64.3
112.2,62.6,64.4
112.2,62.6,64.4
112.2,62.6,64.4
112.2,62.6,64.5
112.6,62.6,64.5
113.2,62.6,64.5
113.2,62.6,64.5
113.4,62.6,64.7
113.3,62.6,64.7
113.7,62.7,64.7
114.1,62.7,64.5
114.2,62.7,64.5
114.2,62.7,64.7
114.3,62.7,64.7
114.3,62.7,64.8
114.3,62.7,64.8
114.5,62.7,65.1
114.5,62.8,65.4
114.6,62.8,65.4
114.6,62.8,65.4
114.6,62.8,65.4
114.6,62.8,65.4
114.6,62.8,65.7
114.6,62.8,65.7
114.3,62.9,65.6
114.4,62.9,65.6
114.4,62.9,65.6
114.1,63.1,65.6
114.1,63.1,65.6
113.8,63.0,65.9
113.7,63.1,66.0
113.5,63.1,65.9
113.5,63.1,65.9
113.3,63.1,65.9
112.5,63.0,65.9
112.5,63.0,65.9
112.5,63.0,65.9
112.4,63.0,66.0
112.4,63.0,66.0
112.1,63.0,66.6
112.0,63.1,66.8
111.3,62.9,66.7
111.0,62.9,66.7
110.9,62.7,66.9
110.7,62.7,66.9
110.7,62.7,66.9
110.7,62.7,66.9
110.5,62.7,67.0
110.5,62.8,67.0
110.1,62.6,67.0
110.1,62.6,67.0
109.9,62.4,66.8
109.7,62.3,66.8
109.7,62.3,67.0
109.4,62.1,66.8
109.5,62.0,66.6
109.5,62.0,66.6
109.3,61.9,66.6
109.3,61.7,66.6
109.3,61.6,66.9
109.3,61.5,67.1
109.2,61.4,67.1
109.2,61.4,67.1
109.2,61.4,67.1
109.2,61.3,67.0
109.3,61.1,67.1
109.3,61.1,67.1
109.4,61.1,67.1
109.4,61.1,67.1
109.5,60.9,67.1
109.7,60.9,67.1
109.9,61.0,67.1
109.9,61.0,67.1
109.9,61.0,67.1
110.0,61.0,67.1
110.1,61.0,67.1
110.1,61.0,67.1
110.3,61.0,67.1
110.3,61.0,67.4
110.2,61.0,67.4
110.2,61.0,67.4
110.3,61.0,67.4
110.3,61.2,67.4
110.3,61.2,67.5
110.3,61.2,67.5
110.3,61.4,67.6
110.3,61.4,67.6
110.3,61.4,67.7
110.3,61.4,67.7
110.3,61.4,67.6
110.3,61.5,67.6
110.3,61.6,67.6
110.1,61.7,67.8
110.1,61.8,67.8
110.1,61.9,67.8
110.1,61.9,67.8
109.9,62.0,67.8
109.9,62.0,67.8
109.9,62.0,67.8
109.9,62.0,67.8
109.9,62.0,67.8
109.7,62.0,67.7
109.5,62.3,67.1
109.5,62.3,67.1
109.1,62.4,66.7
108.9,62.4,65.7
109.0,62.2,65.6
109.0,62.2,65.6
108.9,62.4,65.7
108.6,62.4,65.5
108.6,62.4,65.5
108.5,62.6,64.4
108.4,62.7,63.9
108.4,62.6,63.0
108.4,62.6,63.0
108.5,62.5,63.0
108.5,62.5,63.0
108.3,62.7,62.0
108.0,62.7,61.9
108.0,62.7,60.9
108.0,62.7,60.9
108.1,62.6,60.8
108.1,62.6,60.6
107.9,62.5,60.5
107.9,62.5,59.5
108.0,62.4,59.5
108.0,62.5,58.8
108.0,62.5,58.8
108.2,62.4,58.5
108.2,62.3,57.5
108.4,62.2,57.1
108.6,62.1,57.1
108.6,62.1,56.8
108.6,62.1,56.8
108.6,62.1,56.4
109.0,62.0,55.4
109.0,62.0,55.4
109.1,61.9,54.9
109.3,61.8,54.6
109.4,61.8,54.6
109.4,61.8,54.6
109.4,61.6,54.6
109.5,61.5,54.6
109.4,61.5,54.2
109.5,61.5,53.9
109.5,61.4,53.4
109.5,61.4,53.0
109.5,61.4,53.0
109.6,61.3,52.7
109.4,61.3,52.3
109.5,61.2,52.2
109.3,61.2,52.2
109.3,61.2,52.2
108.8,61.4,52.3
108.7,61.4,51.2
108.5,61.3,51.1
108.3,61.2,51.1
108.3,61.2,51.1
108.3,61.2,51.1
108.3,61.2,51.1
108.1,61.2,51.1
107.9,61.4,50.9
107.5,61.3,50.4
107.5,61.2,50.1
107.3,61.3,50.1
107.1,61.2,49.9
107.1,61.2,49.9
107.1,61.2,49.9
107.1,61.2,49.9
106.9,61.2,49.9
106.7,61.2,49.6
106.1,61.0,49.6
105.9,61.0,49.5
105.9,61.0,49.5
105.8,61.0,49.5
105.6,61.0,49.6
105.3,60.9,49.9
105.1,60.9,49.9
105.1,60.9,49.9
105.1,60.9,50.0
105.1,61.0,50.5
105.0,61.0,50.5
105.0,61.0,50.3
105.0,61.0,50.3
104.9,60.9,50.3
104.9,60.8,50.3
104.9,60.9,50.8
104.8,60.7,50.9
104.9,60.6,50.9
105.0,60.6,50.9
105.0,60.6,50.9
105.0,60.6,51.6
105.0,60.8,51.9
104.9,60.8,51.9
104.9,60.8,51.9
105.1,60.6,52.1
105.3,60.6,52.4
105.5,60.6,52.8
105.7,60.7,52.8
105.7,60.7,52.8
105.7,60.7,52.8
105.7,60.7,52.8
105.9,60.7,52.8
105.9,60.7,52.9
106.3,60.7,52.9
106.4,60.7,52.8
106.4,60.7,52.8
106.7,60.8,52.9
106.7,60.8,52.9
107.1,61.0,52.8
107.1,61.0,52.8
107.1,60.9,52.8
107.5,60.9,52.8
107.8,60.9,52.5
107.8,60.9,52.5
108.1,60.9,52.7
108.1,60.9,52.7
108.1,60.9,52.7
108.3,60.9,52.7
108.6,61.0,52.7
108.8,61.0,52.5
108.8,61.0,52.5
108.9,61.0,52.5
108.9,61.0,52.5
109.1,61.0,52.1
109.2,60.9,52.2
109.3,61.1,52.2
109.3,61.2,52.2
109.3,61.2,52.2
109.3,61.2,52.1
109.1,61.4,52.1
109.1,61.4,52.1
109.1,61.4,52.1
108.9,61.5,51.7
108.9,61.6,51.5
108.5,62.0,51.6
108.2,62.4,51.5
108.2,62.4,51.5
108.1,62.6,51.5
107.9,62.9,51.2
107.9,62.9,51.2
107.7,63.1,51.2
107.7,63.1,51.2
107.5,63.3,51.2
107.4,63.5,51.1
107.0,64.2,51.1
107.0,64.2,51.0
106.6,64.8,50.9
106.3,65.2,50.9
106.3,65.2,50.6
105.9,65.9,50.7
105.9,65.9,50.8
105.9,65.9,50.8
105.7,66.3,50.8
105.7,66.3,50.8
105.7,66.3,50.8
104.9,67.5,50.9
104.4,68.3,51.0
104.4,68.3,50.8
103.9,69.2,51.0
103.7,69.7,51.1
103.7,69.7,50.9
103.5,70.3,51.0
103.5,70.3,51.0
102.8,71.6,51.2
102.8,71.6,51.2
102.2,72.6,51.3
102.2,72.6,51.7
102.0,73.2,51.9
101.6,73.7,52.0
101.6,73.7,52.0
101.6,73.7,52.0
101.4,74.2,52.0
101.0,74.7,52.0
100.4,75.8,52.1
100.4,75.8,52.1
100.4,75.8,51.9
99.8,76.9,52.0
99.8,76.9,51.9
99.4,77.3,51.9
98.6,78.5,52.0
98.6,78.5,52.0
98.6,78.5,52.0
98.6,78.5,51.8
98.6,78.5,51.8
98.6,78.5,51.7
98.2,78.9,51.5
98.2,78.9,51.5
97.9,79.5,51.4
97.4,79.9,51.4
97.4,79.9,51.1
96.5,80.9,50.7
96.5,80.9,50.9
96.5,80.9,50.9
96.5,80.9,50.6
96.5,80.9,50.6
96.0,81.3,50.6
95.5,81.9,50.6
95.5,81.9,50.6
94.9,82.1,50.8
94.9,82.1,50.8
94.9,82.1,50.5
94.9,82.1,50.3
94.9,82.1,50.3
88.7,86.2,50.9
88.7,86.2,50.9
88.7,86.2,50.2
88.0,86.7,50.0
88.0,86.7,50.3
85.9,88.0,50.2
85.9,88.0,50.2
85.9,88.0,50.2
80.0,92.7,50.5
80.0,92.7,50.0
80.0,92.7,50.0
79.2,93.4,50.3
78.7,93.8,50.4
78.0,94.5,49.9
78.0,94.5,49.9
76.1,96.6,50.7
76.1,96.5,50.7
75.6,97.2,50.7
75.6,97.2,50.7
75.1,97.9,50.8
75.1,97.9,50.8
73.3,100.2,50.6
73.3,100.2,50.9
72.7,100.8,50.6
72.2,101.5,50.6
71.3,102.5,51.0
71.4,102.5,50.5
70.8,102.9,50.6
70.8,102.9,50.6
70.5,103.3,50.8
70.5,103.3,50.8
70.3,103.5,51.1
70.1,103.6,51.1
70.1,103.4,51.1
70.1,103.4,51.1
70.1,103.4,51.1
70.3,102.7,51.1
70.3,102.7,51.1
70.3,102.7,51.1
70.6,102.1,51.0
70.9,101.6,51.0
70.9,101.6,51.0
71.3,100.7,50.9
71.3,100.7,50.9
71.3,100.7,50.9
72.4,98.6,50.8
72.4,98.6,50.8
72.7,98.1,50.8
73.0,97.7,50.4
73.4,96.7,50.5
73.4,96.7,50.5
73.4,96.6,50.5
73.6,96.2,50.3
73.9,95.7,50.3
73.9,95.7,50.5
74.0,95.3,50.5
74.2,94.9,50.8
74.2,94.9,50.8
74.2,94.9,50.8
74.2,94.9,50.9
74.8,93.6,50.7
75.0,93.4,50.7
75.0,93.4,50.5
75.0,93.1,50.8
75.2,92.7,50.8
75.2,92.7,51.0
75.3,92.4,51.6
75.4,92.2,51.8
75.4,92.2,51.8
75.5,91.8,51.7
75.5,91.8,51.7
75.5,91.8,51.7
75.5,91.8,51.7
75.5,91.8,51.7
75.5,91.5,51.7
75.5,91.5,51.7
75.5,91.4,51.2
75.4,91.3,51.2
75.4,91.3,51.2
75.5,91.3,51.0
75.3,91.3,50.9
75.2,91.3,51.0
75.2,91.3,51.0
75.2,91.3,51.0
75.2,91.4,50.9
75.2,91.4,50.1
75.0,91.3,50.1
74.5,91.6,49.9
74.5,91.6,50.1
74.3,91.4,49.9
74.1,91.6,49.9
74.1,91.6,49.9
74.1,91.6,49.9
73.7,91.7,49.9
73.1,91.7,50.1
72.9,91.5,50.1
72.3,91.4,50.2
72.3,91.4,50.2
72.3,91.4,50.4
72.3,91.4,50.4
72.0,91.3,50.2
72.0,91.3,50.2
71.6,91.0,50.4
71.5,90.9,50.5
71.4,90.8,50.5
71.4,90.8,50.5
71.3,90.4,51.0
71.3,90.0,51.1
71.3,90.0,51.1
71.2,89.6,51.1
71.2,89.6,51.1
71.2,89.4,51.4
71.2,89.2,51.7
71.3,89.2,51.6
71.2,89.2,51.6
71.2,88.5,51.7
71.2,88.5,51.7
71.3,88.0,51.7
71.3,87.8,51.8
71.4,87.8,51.8
71.4,87.8,51.8
71.4,87.6,51.8
71.4,87.6,51.8
71.4,87.6,51.3
71.3,87.4,51.3
71.3,87.4,51.4
71.3,86.7,51.4
71.4,86.5,51.2
71.4,86.5,51.2
71.3,86.2,51.1
71.3,86.2,51.1
71.3,86.2,51.1
71.3,86.2,51.1
71.4,86.0,51.0
71.4,85.8,51.0
71.4,85.8,50.7
71.3,85.5,50.8
71.5,85.1,50.7
71.4,85.1,50.5
71.4,85.1,50.5
71.6,84.7,50.5
71.6,84.7,50.3
71.6,84.6,50.3
71.6,84.6,50.3
71.6,84.6,50.6
71.7,84.2,50.4
71.6,84.1,50.8
71.7,84.1,50.8
71.7,84.1,50.8
71.7,83.7,50.7
71.7,83.3,50.7
71.6,82.9,51.2
71.6,83.0,51.3
71.5,82.4,51.3
71.5,82.4,51.3
71.5,82.4,51.4
71.3,82.2,51.4
71.3,82.2,52.2
71.4,82.0,52.2
71.4,82.0,52.1
71.3,81.7,51.9
71.2,81.2,51.8
71.2,81.2,51.8
71.2,81.1,51.8
71.2,81.1,51.8
71.2,80.8,51.8
71.2,80.8,51.5
71.1,80.8,51.3
71.1,80.8,51.3
71.3,80.7,51.3
71.3,80.7,51.2
71.3,80.6,50.9
71.3,80.6,50.9
71.3,80.6,50.9
71.3,80.6,50.7
71.4,80.6,50.9
71.5,80.6,50.9
71.6,80.8,50.6
71.5,80.8,50.4
71.6,80.9,50.4
71.6,80.9,50.4
71.7,80.9,50.4
71.6,81.0,50.3
71.6,81.0,50.3
71.6,81.0,50.3
71.6,81.0,50.1
71.7,81.3,50.3
71.7,81.3,50.3
71.6,81.3,50.3
71.7,81.6,50.3
71.7,81.6,50.3
71.7,81.6,50.3
71.5,81.9,50.3
71.5,81.9,50.3
71.5,81.9,50.3
71.5,82.0,50.3
71.5,82.1,50.2
71.5,82.2,50.3
71.3,82.4,50.3
71.3,82.4,50.5
71.1,82.5,50.5
71.0,82.6,51.1
71.1,82.6,51.1
71.1,82.6,51.1
70.9,82.7,51.3
70.9,82.7,51.6
70.9,82.7,51.6
70.7,82.7,51.8
70.3,83.1,51.8
70.4,83.1,51.8
69.9,83.1,51.6
69.9,83.1,51.6
69.6,83.1,51.5
69.6,83.1,51.5
69.6,83.1,51.5
69.6,83.1,51.5
69.3,82.8,51.5
69.2,82.8,51.2
69.2,82.8,50.8
68.7,82.5,50.8
68.7,82.5,50.7
68.5,82.4,50.7
68.3,82.0,50.8
68.3,82.0,50.5
68.1,81.9,50.5
68.1,81.9,50.5
68.1,81.9,50.3
67.9,81.7,50.1
67.9,81.7,50.1
67.8,81.3,50.0
67.8,81.2,49.9
67.8,81.2,50.1
67.8,81.0,50.1
67.8,81.0,49.8
67.9,80.6,49.9
67.9,80.6,49.9
67.9,80.6,49.9
67.9,80.5,49.6
68.1,80.2,49.6
68.1,80.2,49.6
68.1,80.0,49.6
68.3,79.8,49.6
68.3,79.8,49.7
68.5,79.7,49.7
68.5,79.7,49.7
68.5,79.7,49.7
68.5,79.7,49.7
68.7,79.6,49.7
69.0,79.6,49.7
69.1,79.6,49.9
69.3,79.6,50.0
69.3,79.6,50.0
69.3,79.6,50.0
69.3,79.7,50.0
69.3,79.7,50.2
69.3,79.7,50.2
69.4,79.6,50.2
69.4,79.7,50.3
69.4,79.7,50.6
69.2,79.6,51.0
69.2,79.8,51.0
69.2,79.8,51.3
69.2,79.7,51.3
69.1,79.7,51.4
69.1,79.7,51.4
69.0,79.5,51.4
68.8,79.5,51.6
68.8,79.5,51.9
68.8,79.5,51.7
68.6,79.4,51.6
68.6,79.4,51.6
68.6,79.4,51.6
68.6,79.4,51.4
68.5,79.3,51.2
68.5,79.3,51.2
68.5,79.3,51.2
68.4,79.5,50.9
68.4,79.5,50.9
68.4,79.5,50.9
68.4,79.5,50.6
68.4,79.6,50.6
68.3,79.8,50.5
68.3,79.8,50.3
68.4,79.9,50.3
68.5,80.0,50.3
68.5,80.0,50.0
68.5,80.0,50.0
68.4,80.1,50.0
68.4,80.2,50.0
68.4,80.2,49.9
68.4,80.2,49.9
68.4,80.2,49.9
68.4,80.2,49.9
68.2,80.3,50.1
68.2,80.3,49.7
68.2,80.3,49.7
67.9,80.4,49.7
67.9,80.4,49.9
67.9,80.4,49.9
67.7,80.4,50.1
67.7,80.4,50.1
67.7,80.4,49.9
67.6,80.4,49.9
67.6,80.4,49.9
67.5,80.4,49.9
67.5,80.4,49.9
67.4,80.4,49.9
67.4,80.4,49.9
67.2,80.4,49.9
67.1,80.4,50.1
66.8,80.2,50.0
66.6,80.2,50.0
66.6,80.2,50.4
66.4,80.1,50.4
66.1,80.1,50.4
66.0,80.0,50.5
65.8,79.9,50.5
65.8,79.9,50.5
65.8,79.9,50.3
65.8,79.7,50.5
65.6,79.8,50.6
65.6,79.8,50.8
65.7,79.7,50.8
65.5,79.4,50.8
65.5,79.4,50.8
65.5,79.4,50.8
65.5,79.3,51.1
65.5,79.2,51.2
65.5,79.2,51.4
65.6,79.1,51.4
65.6,79.1,51.7
65.6,79.1,51.7
65.7,79.1,51.7
65.8,79.1,51.7
65.9,79.1,51.5
65.9,79.1,51.5
66.0,79.0,51.5
66.2,79.0,51.5
66.2,79.0,51.4
66.6,78.9,51.2
66.5,78.9,51.2
66.5,78.9,51.2
66.6,78.9,50.9
66.8,78.9,50.9
67.0,78.8,50.6
67.3,78.7,50.6
67.3,78.7,50.6
67.3,78.7,50.6
67.3,78.7,50.6
67.5,78.7,50.3
67.6,78.6,50.3
67.6,78.6,50.3
67.6,78.6,50.3
67.8,78.7,50.0
67.8,78.6,49.8
67.9,78.6,49.8
68.0,78.6,49.8
68.1,78.6,49.6
68.1,78.6,49.6
68.1,78.6,49.8
68.1,78.6,49.8
68.1,78.6,49.6
68.2,78.6,49.6
68.2,78.6,49.6
68.3,78.6,49.8
68.3,78.6,49.9
68.3,78.6,49.9
68.3,78.6,50.1
68.3,78.6,50.1
68.1,78.7,50.1
68.1,78.8,50.4
68.2,79.0,50.4
68.2,79.0,50.4
68.2,79.0,50.4
67.9,79.0,50.4
67.9,79.0,50.9
67.9,79.0,50.9
67.8,79.1,51.4
67.7,79.1,51.4
67.5,79.2,51.6
67.5,79.2,51.6
67.5,79.5,51.7
67.5,79.5,51.7
67.1,79.7,51.6
67.1,79.7,51.6
67.1,79.8,51.7
66.9,80.0,51.8
66.8,80.2,51.5
66.6,80.7,51.3
66.5,80.7,51.0
66.5,80.7,51.0
66.3,81.2,51.1
66.0,82.0,51.1
66.0,82.0,50.9
65.9,82.5,51.0
65.8,83.1,50.7
65.8,83.0,50.2
65.5,83.4,50.2
65.5,83.4,50.2
65.5,83.9,50.3
65.3,84.4,50.3
65.3,84.4,50.0
64.8,85.5,50.0
64.4,86.9,50.0
64.2,87.5,50.0
64.2,87.5,49.8
64.0,88.3,49.9
63.8,89.0,49.9
63.8,89.0,49.9
63.8,89.0,49.8
63.3,90.5,49.7
62.8,92.2,49.8
62.8,92.2,49.8
62.8,92.2,49.8
62.3,94.2,49.9
62.0,95.2,50.0
62.0,95.2,50.0
61.3,98.1,49.9
61.0,99.3,50.2
61.0,99.3,50.2
60.8,100.4,50.2
60.4,102.3,50.4
60.4,102.3,50.5
60.4,102.3,50.5
60.4,102.3,50.5
60.1,103.2,50.6
60.1,103.2,50.6
60.1,103.2,50.6
59.8,104.8,51.5
59.5,106.0,51.4
59.5,106.0,51.4
59.5,106.0,51.4
59.5,105.8,51.2
59.5,105.8,51.2
59.4,105.4,51.0
59.4,105.5,51.0
59.5,105.1,51.0
59.6,104.1,51.1
59.6,104.1,51.0
59.6,103.6,50.8
59.6,103.7,50.8
59.8,101.8,50.7
59.9,101.4,50.5
59.9,100.7,50.3
59.9,100.7,50.3
59.9,100.7,50.3
60.0,99.5,50.2
60.0,98.9,50.2
60.0,98.9,49.8
60.0,98.9,49.8
60.1,98.5,49.6
60.2,97.8,49.4
60.2,97.8,49.1
60.3,96.9,48.9
60.4,96.1,48.8
60.4,96.1,49.0
60.5,95.8,49.0
60.5,95.8,48.8
60.7,94.8,48.6
60.7,94.8,48.6
60.6,94.8,48.6
60.5,94.5,48.4
60.5,94.3,48.4
60.5,94.1,48.4
60.5,94.1,48.2
60.5,94.1,48.2
60.5,93.7,48.2
60.3,93.6,48.2
60.3,93.6,48.2
60.3,93.6,48.2
60.3,93.6,48.2
60.3,93.6,48.2
60.1,93.9,48.1
60.0,93.9,48.2
60.1,93.9,48.2
60.0,94.0,48.2
59.9,94.2,48.2
59.9,94.2,48.6
59.8,94.5,48.6
59.8,94.5,48.6
59.5,95.2,48.6
59.5,95.2,48.6
59.5,95.2,48.8
59.3,95.6,48.8
59.2,95.7,48.8
59.2,95.7,49.1
59.3,95.7,49.1
59.1,96.0,49.5
59.1,96.1,49.8
58.9,96.2,50.5
59.0,96.2,50.5
59.0,96.2,50.5
58.8,96.2,50.8
58.9,96.2,50.8
58.7,96.2,51.0
58.7,96.2,51.0
58.6,96.2,51.0
58.6,96.2,51.7
58.1,96.1,52.2
58.1,96.1,52.5
58.1,96.1,53.0
58.0,95.9,53.0
58.0,95.9,53.0
57.8,95.9,53.3
57.9,95.9,53.7
57.5,95.9,54.5
57.7,95.8,54.5
57.5,95.8,54.5
57.5,95.8,54.8
57.4,95.8,55.0
57.5,95.8,55.0
57.3,95.8,55.0
57.3,95.8,55.3
57.3,95.8,55.3
57.0,95.9,55.3
57.0,95.9,55.3
57.0,95.9,55.3
56.8,96.0,55.3
56.7,96.0,55.7
56.8,96.0,55.7
56.8,96.0,55.7
56.8,96.0,55.7
56.9,96.3,55.7
56.9,96.3,55.7
56.9,96.3,55.7
56.9,96.3,55.7
56.9,96.3,55.7
56.9,96.3,55.4
57.0,96.3,55.4
57.0,96.3,55.4
56.9,96.5,55.5
57.0,96.5,55.4
57.0,96.5,55.4
57.0,96.5,55.4
57.0,96.5,55.4
57.0,96.5,55.4
57.1,96.5,55.2
57.1,96.5,55.2
57.1,96.5,55.0
57.1,96.5,55.0
57.1,96.5,55.0
57.1,96.5,55.0
57.3,96.5,55.0
57.3,96.5,55.0
57.4,96.5,55.0
57.4,96.5,55.0
57.5,96.6,54.9
57.5,96.6,54.9
57.5,96.6,54.9
57.5,96.6,54.7
57.4,96.6,54.7
57.6,96.7,54.6
57.6,96.7,54.6
57.6,96.7,54.6
57.6,96.7,54.6
57.7,96.7,54.6
57.7,96.7,54.7
57.7,96.7,54.7
57.7,96.7,54.6
57.7,96.7,54.6
57.7,96.7,54.6
57.8,96.6,54.5
57.8,96.6,54.5
57.8,96.6,54.7
57.8,96.6,54.7
57.8,96.6,54.7
57.8,96.6,54.9
57.8,96.5,54.9
57.8,96.5,54.9
57.8,96.5,54.9
57.6,96.5,54.9
57.6,96.5,54.9
57.6,96.5,54.9
57.6,96.5,54.9
57.5,96.5,55.0
57.4,96.4,55.0
57.4,96.4,55.0
57.4,96.4,55.0
57.4,96.4,55.0
57.3,96.4,55.0
57.3,96.4,55.0
57.3,96.4,55.0
57.1,96.3,55.0
57.1,96.3,55.0
57.1,96.3,55.0
57.1,96.3,55.0
57.1,96.3,55.0
57.1,96.3,55.0
57.1,96.3,55.0
56.9,96.3,55.0
56.9,96.3,55.2
56.9,96.3,55.2
56.8,96.3,55.0
56.8,96.3,55.0
56.8,96.3,55.0
56.8,96.3,55.0
56.8,96.1,55.0
56.8,96.1,55.0
56.8,96.1,55.2
56.6,96.0,55.0
56.6,96.1,55.0
56.6,96.1,55.0
56.6,95.8,55.0
56.6,95.8,55.0
56.6,95.8,55.0
56.6,95.8,55.0
56.4,95.6,55.0
56.4,95.6,55.0
56.4,95.6,55.0
56.4,95.6,55.0
56.4,95.6,55.0
56.4,95.6,54.8
56.3,95.4,54.8
56.3,95.4,54.8
56.3,95.4,54.8
56.3,95.4,55.0
56.4,95.3,54.9
56.4,95.3,54.9
56.5,95.2,54.9
56.5,95.2,54.9
56.5,95.2,54.9
56.5,95.2,54.9
56.5,95.2,54.9
56.8,95.2,54.9
56.8,95.2,54.9
56.8,95.2,54.9
56.9,95.4,55.0
56.9,95.4,55.0
56.9,95.4,55.0
57.0,95.6,55.1
57.0,95.6,55.0
57.0,95.6,55.0
57.1,95.6,55.0
57.1,95.6,55.0
57.3,95.8,55.0
57.3,95.8,55.0
57.3,95.8,54.8
57.2,95.8,54.8
57.3,95.9,54.8
57.3,95.9,55.0
57.4,95.9,55.0
57.4,95.9,55.0
57.4,95.9,55.0
57.4,95.8,55.0
57.4,95.8,55.0
57.4,95.8,55.0
57.4,95.8,55.0
57.4,95.8,55.0
57.3,95.8,55.0
57.3,95.8,55.0
57.3,95.6,55.0
57.3,95.6,55.0
57.2,95.6,55.0
57.2,95.6,54.8
57.1,95.6,54.8
57.1,95.6,55.0
57.1,95.6,55.0
57.1,95.4,55.0
57.1,95.4,55.0
57.0,95.4,55.0
57.0,95.4,55.1
57.0,95.3,55.1
57.0,95.2,54.9
57.0,95.2,54.9
57.0,95.2,54.9
56.9,95.2,55.1
56.9,95.2,55.1
56.9,95.2,55.1
56.9,95.2,55.3
56.8,95.2,55.3
56.7,95.2,55.3
56.7,95.2,55.1
56.7,95.2,55.1
56.7,95.2,55.1
56.7,95.2,55.1
56.5,95.2,55.3
56.5,95.2,55.3
56.5,95.2,55.1
56.5,95.1,55.3
56.5,95.0,55.3
56.5,95.0,55.1
56.5,95.1,55.4
56.6,95.0,55.4
56.5,94.9,55.4
56.5,94.9,55.4
56.5,94.9,55.4
56.5,94.9,55.4
56.5,94.9,55.4
56.5,94.9,55.4
56.5,94.9,55.6
56.5,94.9,55.4
56.5,94.9,55.6
56.5,94.9,55.6
56.5,94.9,55.6
56.5,94.9,55.6
56.5,94.9,55.6
56.4,94.8,55.6
56.4,94.8,55.6
56.2,94.8,55.6
56.2,94.8,55.6
56.2,94.8,55.6
56.2,94.8,55.4
56.2,94.8,55.6
56.2,94.8,55.4
56.2,94.8,55.4
56.2,94.8,55.4
56.2,94.8,55.4
56.2,94.8,55.6
56.1,94.8,55.6
56.1,94.8,55.6
56.2,94.8,55.6
56.2,94.8,55.4
56.2,94.8,55.6
56.2,94.8,55.6
56.3,94.8,55.6
56.3,94.8,55.7
56.4,94.8,55.4
56.4,94.8,55.7
56.4,95.0,55.8
56.4,95.0,55.8
56.4,95.0,55.8
56.4,95.0,55.8
56.4,95.1,55.6
56.4,95.2,55.6
56.4,95.3,55.6
56.4,95.3,55.6
56.4,95.5,55.6
56.4,95.6,55.5
56.4,95.6,55.5
56.4,95.7,56.0
56.4,95.7,56.0
56.5,95.7,55.8
56.4,95.9,55.8
56.4,95.9,55.8
56.4,95.9,56.0
56.4,95.9,56.0
56.5,96.1,55.8
56.5,96.1,55.8
56.4,96.1,55.8
56.4,96.1,55.7
56.5,96.1,56.0
56.5,96.1,55.8
56.5,96.1,55.8
56.3,96.2,56.2
56.4,96.1,55.8
56.3,96.1,56.0
56.3,96.2,56.0
56.3,96.2,56.0
56.3,96.2,56.2
56.3,96.2,56.2
56.3,96.2,55.9
56.2,96.4,56.2
56.2,96.3,56.2
56.2,96.3,56.2
56.3,96.3,56.2
56.2,96.5,56.0
56.2,96.5,56.0
56.2,96.5,56.0
56.2,96.4,56.0
56.2,96.6,56.2
56.1,96.3,56.2
56.1,96.5,55.9
56.0,96.5,56.2
56.1,96.3,56.2
56.2,96.3,56.2
56.3,96.3,56.2
56.3,96.3,56.2
56.3,96.3,56.2
56.3,96.3,56.2
56.3,96.3,56.2
56.3,96.3,55.9
56.2,96.4,55.9
56.2,96.1,55.8
56.4,96.1,55.8
56.4,96.1,55.8
56.4,96.2,56.0
56.7,96.2,56.0
56.8,96.4,56.4
56.8,96.4,56.4
56.8,96.3,56.0
56.9,96.6,56.4
56.9,96.6,56.4
56.9,96.6,56.4
57.1,96.8,55.7
57.0,96.8,55.7
57.4,97.5,56.3
57.9,98.1,56.2
57.9,98.1,56.3
58.1,98.3,56.3
58.5,99.1,56.2
58.5,99.1,56.2
58.5,99.1,56.2
58.5,99.1,56.2
58.5,99.1,56.2
59.1,100.8,56.0
59.4,101.2,56.1
59.4,101.2,55.9
59.5,101.8,55.9
59.8,102.3,56.0
59.9,103.0,56.0
59.9,103.0,56.0
60.4,104.1,56.1
60.4,104.1,56.1
60.5,104.7,56.2
60.8,105.2,56.4
60.8,105.1,56.0
61.0,105.8,55.6
61.0,106.5,55.6
61.7,108.1,55.7
61.8,108.5,55.8
61.8,108.5,55.4
61.8,108.5,55.4
61.8,109.0,55.4
61.8,109.4,55.5
61.8,109.4,55.7
61.9,109.7,55.5
61.7,109.7,55.7
61.6,109.7,55.7
61.6,109.7,55.7
61.6,109.7,55.7
61.4,109.7,55.7
61.3,109.6,55.7
61.0,109.6,55.7
60.7,109.4,55.8
60.7,109.4,56.0
60.6,109.2,56.0
60.5,109.2,55.6
60.5,109.3,55.6
60.3,109.0,55.4
60.2,109.0,55.4
60.2,109.0,55.4
60.1,108.9,55.4
60.0,108.8,55.4
60.0,108.8,55.4
59.9,108.6,55.4
59.9,108.6,55.4
59.9,108.5,55.4
59.9,108.5,55.1
59.9,108.6,55.2
59.9,108.4,55.2
59.9,108.4,55.1
59.9,108.5,55.2
59.9,108.6,55.2
59.9,108.6,55.2
60.0,108.6,55.2
60.0,108.6,55.2
60.0,108.6,55.4
60.0,108.6,55.4
60.1,108.8,55.4
60.1,108.9,55.4
60.1,109.0,55.4
60.2,109.0,55.4
60.2,109.0,55.4
60.2,109.0,55.4
60.2,109.1,55.6
60.3,109.3,55.6
60.3,109.4,55.8
60.3,109.4,55.8
60.3,109.5,55.8
60.4,109.6,56.0
60.4,109.6,56.0
60.4,109.7,56.0
60.3,109.8,56.0
60.3,109.8,56.0
60.3,109.8,56.0
60.4,110.0,56.0
60.4,110.0,56.0
60.5,110.0,56.0
60.5,110.1,56.1
60.5,110.2,56.1
60.5,110.2,56.2
60.7,110.2,56.2
60.7,110.2,56.1
60.7,110.2,56.1
60.4,110.5,56.4
60.5,110.4,56.3
60.5,110.4,56.3
60.5,110.4,56.1
60.3,110.5,56.1
60.3,110.5,56.1
60.3,110.5,56.1
60.3,110.7,56.1
60.1,110.7,56.1
60.1,110.7,56.1
60.1,110.7,56.3
60.2,110.7,56.3
60.2,110.7,56.1
60.0,110.7,56.3
60.1,110.7,56.3
60.1,110.7,56.1
60.0,110.7,56.3
60.1,110.7,56.3
60.1,110.7,56.3
60.0,110.5,56.1
59.9,110.6,56.1
59.8,110.6,56.1
59.8,110.5,56.1
59.8,110.5,56.3
59.9,110.5,56.4
59.9,110.4,56.4
60.0,110.4,56.3
60.0,110.4,56.3
60.0,110.2,56.2
60.0,110.2,56.2
60.0,110.2,56.2
59.8,110.2,56.4
59.8,110.2,56.4
59.8,110.2,56.4
59.8,110.3,56.6
59.7,110.3,56.6
59.7,110.3,56.6
59.7,110.3,56.6
59.6,110.4,56.6
59.6,110.4,56.6
59.6,110.4,56.6
59.6,110.4,56.6
59.5,110.4,56.6
59.5,110.4,56.6
59.5,110.4,56.6
59.5,110.6,56.4
59.5,110.6,56.4
59.5,110.6,56.4
59.5,110.6,56.6
59.7,110.6,56.6
59.7,110.6,56.6
59.7,110.6,56.6
59.9,110.8,56.6
59.9,110.8,56.6
59.9,110.8,56.6
60.1,110.6,56.6
60.1,110.6,56.6
60.2,110.8,56.6
60.3,110.8,56.6
60.7,111.1,56.7
60.7,111.1,56.7
60.7,111.0,56.7
60.7,111.0,56.5
61.1,111.1,56.7
61.1,111.0,56.5
61.1,111.1,56.5
61.7,111.5,56.7
61.9,111.7,56.7
62.1,111.8,56.7
62.1,111.8,56.7
62.1,111.8,56.7
62.1,111.8,56.7
62.1,111.8,56.4
62.5,112.1,56.4
62.5,112.1,56.7
62.6,112.0,56.7
62.7,112.0,56.7
62.7,112.0,56.7
62.6,112.0,56.7
62.6,112.0,56.7
62.6,112.0,56.7
62.6,112.0,56.9
62.6,112.0,56.5
62.6,112.0,56.6
62.6,112.0,56.9
62.6,111.9,56.9
62.5,111.9,56.7
62.5,111.9,56.7
62.5,111.9,56.7
62.4,111.8,56.7
62.4,111.8,56.7
62.4,111.8,56.7
62.3,111.8,56.7
62.3,111.8,56.7
62.3,111.8,56.7
62.4,111.9,56.7
62.4,111.9,56.7
62.4,111.9,56.7
62.4,111.9,56.7
62.5,111.9,56.5
62.5,111.9,56.5
62.5,111.9,56.5
62.5,111.9,56.5
62.5,111.9,56.7
62.5,111.9,56.9
62.5,111.9,56.9
62.6,111.9,56.7
62.6,111.9,56.9
62.7,111.9,56.9
62.7,111.9,56.7
62.7,111.9,56.7
62.7,111.9,56.7
62.7,111.8,56.7
62.7,111.8,57.1
62.8,111.7,57.1
62.8,111.7,56.9
62.7,111.7,56.9
62.7,111.7,56.9
62.7,111.7,57.2
62.8,111.6,57.2
62.8,111.6,57.2
62.8,111.6,56.9
62.8,111.6,56.9
62.7,111.7,56.7
62.6,111.6,56.7
62.5,111.6,56.7
62.5,111.6,56.9
62.4,111.6,56.7
62.3,111.6,57.0
62.4,111.6,57.0
62.4,111.6,57.0
62.4,111.6,57.0
62.3,111.6,57.0
62.2,111.6,56.7
62.1,111.6,56.7
61.9,111.6,56.7
61.9,111.6,56.7
61.8,111.6,56.5
61.8,111.6,56.5
61.8,111.6,56.3
61.8,111.6,56.3
61.8,111.6,56.3
61.3,111.4,56.3
61.3,111.4,56.3
61.3,111.4,56.3
61.3,111.4,56.0
61.0,111.5,55.5
60.9,111.5,55.5
60.9,111.5,55.3
60.9,111.3,55.3
60.7,111.3,55.1
60.7,111.3,55.1
60.7,111.3,55.1
60.7,111.1,55.1
60.7,111.1,54.9
60.6,111.1,54.2
60.3,111.0,53.8
60.3,111.0,53.8
60.2,111.0,53.7
60.1,111.0,53.7
60.1,111.0,53.7
60.0,110.8,53.6
60.0,110.8,53.6
60.0,110.8,53.6
60.0,110.7,53.6
60.0,110.6,53.8
60.1,110.6,53.8
60.1,110.6,53.8
60.1,110.6,53.5
59.9,110.6,53.6
59.9,110.6,53.6
60.0,110.5,53.6
60.0,110.5,53.4
59.9,110.4,53.6
59.9,110.4,54.0
59.9,110.4,54.0
60.0,110.3,54.0
59.9,110.3,53.8
59.9,110.4,53.8
59.9,110.4,53.8
59.9,110.6,53.8
59.8,110.6,53.8
59.7,110.8,53.8
59.7,110.8,54.0
59.8,111.0,54.0
59.8,111.0,54.0
59.8,111.0,53.8
59.8,111.0,53.7
59.8,111.0,53.7
59.8,111.0,53.5
59.9,111.3,53.5
60.0,111.3,53.3
60.0,111.3,53.3
60.0,111.3,53.3
60.1,111.4,53.2
60.4,111.5,53.2
60.4,111.5,52.8
60.3,111.6,52.8
60.3,111.6,52.8
60.4,111.7,52.8
60.4,111.7,52.3
60.5,111.8,52.3
60.7,111.9,52.0
60.7,111.9,52.0
60.7,111.9,52.0
60.7,111.9,51.8
60.7,112.0,51.3
60.9,112.1,51.3
60.9,112.2,51.1
60.8,112.2,51.1
60.9,112.3,51.5
61.0,112.3,50.7
61.0,112.5,50.8
61.0,112.5,50.8
61.0,112.5,50.8
61.0,112.5,50.6
61.0,112.6,50.4
61.1,112.7,50.4
61.1,112.7,50.4
61.2,112.7,50.4
61.3,112.8,50.6
61.4,112.7,50.6
61.4,112.9,50.4
61.3,112.9,50.4
61.3,112.9,50.4
61.4,112.9,50.4
61.4,112.9,50.6
61.5,112.9,50.6
61.5,112.9,50.6
61.5,112.9,50.8
61.5,112.9,50.8
61.5,112.8,50.8
61.5,112.8,50.8
61.5,112.8,50.9
61.4,112.7,51.1
61.4,112.7,50.9
61.4,112.7,50.9
61.4,112.7,50.9
61.4,112.6,51.5
61.5,112.5,51.5
61.6,112.5,51.1
61.6,112.5,51.1
61.5,112.6,51.1
61.5,112.6,51.1
61.7,112.3,51.1
61.7,112.3,50.7
61.7,112.3,50.7
61.9,112.4,50.7
61.9,112.4,50.6
61.9,112.4,50.6
61.9,112.4,50.4
62.0,112.2,50.2
62.1,112.2,50.0
62.1,112.2,50.0
62.1,112.2,49.9
62.1,112.3,49.7
62.4,112.3,49.7
62.4,112.3,49.1
62.4,112.3,49.2
62.4,112.3,49.0
62.4,112.4,48.8
62.4,112.4,48.4
62.4,112.5,48.5
62.4,112.5,48.3
62.3,112.6,48.1
62.1,112.7,47.8
62.1,112.7,47.8
62.1,112.7,47.8
62.1,113.0,47.8
62.1,113.0,47.4
61.8,113.1,47.4
61.8,113.1,47.4
61.8,113.1,47.4
61.8,113.1,47.4
61.6,113.3,47.3
61.3,113.7,47.4
61.3,113.7,47.6
61.3,113.7,47.6
61.3,113.7,47.6
61.3,113.7,47.6
60.8,113.9,48.0
60.8,113.9,48.3
60.9,113.8,48.3
60.9,113.8,48.3
60.9,113.8,48.5
60.9,113.8,48.5
60.5,113.8,48.5
60.5,113.8,48.7
60.2,113.9,48.9
60.2,113.9,48.9
60.2,113.9,49.1
60.2,113.8,49.1
60.2,113.8,49.6
60.2,113.8,49.6
60.1,113.9,49.9
60.1,113.8,49.9
60.1,113.8,49.9
60.0,113.8,50.3
60.1,113.8,50.5
60.1,113.8,50.5
60.0,113.8,50.6
60.0,113.8,50.6
60.0,113.8,51.0
60.1,113.7,50.8
60.0,113.7,51.2
60.0,113.7,51.2
59.8,113.7,51.4
59.9,113.7,51.5
59.9,113.6,51.5
59.9,113.6,51.5
59.9,113.6,51.5
59.6,113.6,51.5
59.6,113.6,51.5
59.6,113.6,51.7
59.6,113.6,51.7
59.6,113.6,51.7
59.6,113.6,51.7
59.5,113.7,51.7
59.4,113.7,51.7
59.4,113.7,51.7
59.4,113.7,51.9
59.4,113.7,51.9
59.4,113.7,51.9
59.4,113.7,51.9
59.4,113.7,51.9
59.4,113.7,51.9
59.4,113.7,51.9
59.4,113.7,51.9
59.4,113.7,52.1
59.5,113.7,51.9
59.4,113.7,51.9
59.4,113.7,51.9
59.4,113.7,52.1
59.6,113.7,52.1
59.6,113.7,51.9
59.6,113.7,51.9
59.5,113.7,51.9
59.5,113.6,51.9
59.5,113.6,52.1
59.6,113.6,52.1
59.8,113.4,52.0
59.8,113.4,51.9
59.8,113.4,52.0
59.8,113.4,52.0
59.9,113.4,52.0
59.9,113.4,52.0
59.9,113.1,52.0
59.9,113.2,51.7
60.0,113.1,51.7
59.9,113.2,51.9
59.9,113.2,51.9
59.9,113.2,52.0
60.0,113.0,52.0
60.0,113.0,51.8
60.1,113.2,52.0
60.2,113.1,52.0
60.2,113.1,52.0
60.1,113.0,52.0
60.1,113.0,51.8
60.0,113.2,51.9
60.0,113.2,51.7
60.0,113.2,51.7
60.0,113.2,52.0
60.1,113.3,52.0
60.1,113.3,51.9
60.0,113.3,51.9
60.0,113.3,51.9
59.8,113.4,52.0
59.9,113.4,51.7
59.8,113.4,51.7
59.7,113.4,51.7
59.7,113.4,51.7
59.7,113.4,51.7
59.6,113.4,51.7
59.6,113.4,51.7
59.5,113.4,51.9
59.5,113.4,51.9
59.5,113.4,51.7
59.5,113.4,51.7
59.3,113.2,51.1
59.2,113.1,51.9
59.4,113.0,52.0
59.4,113.0,52.0
59.4,112.9,51.7
59.3,113.0,51.7
59.3,113.0,51.7
59.2,113.0,51.8
59.2,113.0,51.8
59.2,112.7,51.8
59.1,112.6,51.6
59.3,112.5,51.6
59.3,112.5,51.6
59.3,112.5,51.6
59.3,112.5,51.6
59.3,112.5,51.8
59.3,112.4,51.8
59.3,112.4,51.6
59.4,112.3,51.8
59.4,112.3,51.8
59.4,112.2,51.6
59.4,112.1,51.4
59.4,112.1,51.4
59.4,112.1,51.6
59.4,112.1,51.6
59.4,112.1,51.6
59.4,112.1,51.6
59.4,112.1,51.4
59.2,112.1,51.6
59.2,112.1,51.4
59.3,112.1,51.4
59.2,112.1,51.4
59.2,112.1,51.4
59.2,112.1,51.4
59.1,112.1,51.4
59.1,112.1,51.4
59.1,112.1,51.4
59.1,112.1,51.6
59.1,112.1,51.4
59.1,112.2,51.4
59.2,112.2,51.4
59.2,112.2,51.4
59.3,112.3,51.4
59.3,112.3,51.4
59.2,112.4,51.5
59.2,112.4,51.5
59.2,112.4,51.5
59.2,112.4,51.5
59.2,112.6,51.5
59.4,112.8,51.5
59.4,112.8,51.5
59.4,112.8,51.3
59.3,112.8,51.5
59.5,112.8,51.3
59.5,112.8,51.3
59.4,112.8,51.5
59.5,112.8,51.3
59.4,112.9,51.3
59.4,112.9,51.3
59.5,112.9,51.3
59.7,112.9,51.3
59.7,112.9,51.3
59.7,112.9,51.3
59.7,112.9,51.3
59.7,112.9,51.3
59.7,112.9,51.3
59.7,112.7,51.3
59.7,112.7,51.3
59.7,112.7,51.3
59.8,112.7,51.3
59.8,112.7,51.3
59.8,112.5,51.3
59.8,112.5,51.3
59.9,112.4,51.3
59.9,112.4,51.3
59.9,112.3,51.3
59.9,112.3,51.1
59.9,112.3,51.1
59.9,112.2,51.1
59.9,112.2,51.1
59.9,112.2,51.1
60.0,112.1,51.1
60.0,112.1,51.1
60.1,112.0,51.3
60.0,111.9,51.2
59.9,112.0,51.3
59.9,112.0,51.3
60.0,111.9,51.2
60.0,111.9,51.2
59.9,111.8,51.2
59.9,112.0,51.3
59.9,112.0,51.3
60.0,112.0,51.3
60.0,112.0,51.3
60.0,112.0,51.3
59.9,112.0,51.3
60.0,112.0,51.3
59.8,112.1,51.3
59.9,112.2,51.3
59.8,112.3,51.3
59.7,112.4,51.3
59.7,112.4,51.3
59.7,112.4,51.3
59.7,112.4,51.1
59.6,112.8,51.1
59.6,112.8,51.1
59.6,112.9,51.1
59.6,113.1,51.1
59.5,113.7,51.2
59.3,113.8,51.2
59.3,113.8,51.0
59.2,114.4,51.0
59.2,114.4,51.0
59.2,114.7,51.1
58.9,115.2,51.1
58.9,115.2,51.1
58.8,115.5,51.1
58.5,116.3,50.8
58.4,116.3,51.0
58.5,116.8,51.0
58.5,116.8,51.0
58.0,117.7,51.0
57.9,118.1,51.1
57.5,119.0,51.1
57.5,119.0,51.1
57.3,119.6,51.1
57.1,120.1,51.0
57.1,120.2,51.0
56.4,121.1,51.0
56.5,121.1,50.7
55.8,122.2,50.7
55.8,122.2,50.7
55.3,123.4,50.8
55.3,123.4,50.8
55.0,124.0,50.8
54.8,124.5,51.1
54.5,124.9,50.9
54.5,124.9,50.9
54.1,125.7,50.9
53.8,126.3,50.8
53.8,126.3,51.0
53.8,126.3,51.0
53.6,126.8,51.0
53.0,128.0,50.9
52.8,128.7,50.9
52.2,129.9,51.0
52.2,129.9,51.0
51.8,131.1,51.0
51.5,131.7,51.1
51.5,131.7,51.1
51.1,132.9,51.1
51.1,132.9,51.1
51.1,132.9,51.1
50.9,133.6,51.2
50.6,134.0,51.2
50.2,135.3,51.3
50.2,135.3,51.1
49.8,136.7,51.1
49.6,137.2,51.4
49.6,137.2,51.4
49.5,137.6,51.2
49.5,137.6,51.2
49.3,138.2,51.2
49.0,139.3,51.3
49.0,139.3,51.3
48.7,140.6,51.4
48.5,141.0,51.4
48.5,141.4,51.4
48.5,141.4,51.4
48.3,141.8,51.2
48.1,142.6,51.3
48.1,142.6,51.1
48.1,142.6,51.1
47.8,142.8,51.1
47.6,143.0,51.3
47.7,142.9,51.3
47.2,142.9,51.1
47.1,143.0,51.3
46.9,142.5,51.3
46.6,141.8,51.2
46.4,141.5,51.2
46.4,141.5,51.2
46.2,141.1,51.2
45.9,140.8,51.0
45.9,140.9,51.0
45.9,140.5,50.8
45.9,140.5,50.8
45.8,140.6,51.2
45.7,139.1,51.1
45.7,139.1,51.1
45.5,138.4,51.2
45.4,137.6,51.2
45.4,137.6,51.2
45.4,137.6,51.2
45.4,137.6,51.2
45.4,137.2,51.2
45.3,136.6,51.1
45.3,136.2,51.1
45.3,136.2,51.1
45.1,135.5,51.1
45.1,135.5,51.1
45.1,135.5,51.1
44.9,135.3,51.1
44.7,135.0,51.1
44.7,135.0,51.1
44.5,134.7,51.0
44.5,134.7,51.0
44.3,134.5,51.0
44.3,134.5,50.8
44.1,134.3,51.0
44.2,134.3,50.8
43.9,134.3,51.0
44.0,134.3,50.8
44.0,134.3,50.8
43.8,134.3,50.8
43.6,134.3,51.0
43.7,134.3,51.0
43.5,134.4,50.8
43.4,134.6,50.8
43.4,134.6,50.7
43.4,134.6,50.7
43.4,134.6,50.7
43.3,134.8,50.9
43.3,134.8,50.9
43.2,135.0,50.9
43.1,135.0,50.9
43.0,135.4,50.7
42.8,135.7,50.9
42.8,135.8,50.9
42.8,135.8,50.9
42.6,136.0,50.9
42.6,136.0,50.9
42.6,136.0,50.9
42.4,136.4,50.9
42.4,136.6,51.0
42.1,137.3,51.0
42.0,137.5,51.0
42.0,137.5,50.8
41.4,138.4,50.9
41.4,138.4,50.9
41.4,138.4,50.5
41.3,138.5,50.5
40.4,140.5,50.6
40.4,140.5,50.6
40.4,140.5,50.6
40.1,141.0,50.6
40.1,141.0,50.6
39.8,141.4,50.6
39.7,141.9,50.6
39.1,142.7,50.7
39.2,142.6,50.7
38.7,143.7,50.7
38.4,144.2,50.8
38.4,144.2,50.8
38.2,144.7,50.2
38.2,144.7,50.2
37.6,145.6,50.2
37.7,145.6,50.0
37.4,146.3,50.1
37.3,146.9,50.1
37.3,146.9,50.1
37.1,147.6,50.1
37.1,147.6,49.9
37.1,147.6,49.9
36.9,148.5,50.0
36.9,148.5,50.0
37.1,148.9,50.0
37.1,148.9,50.0
37.1,148.9,49.6
37.3,149.5,49.6
37.5,149.6,48.6
37.2,150.0,48.3
37.1,150.2,47.5
37.1,150.5,47.3
37.0,150.6,47.3
37.0,150.6,47.3
37.0,150.6,47.1
37.0,150.4,46.9
36.9,150.5,46.9
36.8,150.1,46.9
36.8,150.1,46.9
36.0,149.6,46.6
35.9,149.6,46.4
35.9,149.7,46.7
35.9,149.6,46.4
35.9,149.6,46.4
35.9,149.7,46.8
36.0,149.6,46.8
36.0,149.6,46.8
36.0,149.6,46.6
34.4,148.4,46.6
34.4,148.4,46.6
33.8,148.1,46.6
33.7,148.1,46.6
33.7,148.1,46.6
33.7,148.1,46.6
33.7,148.1,46.4
33.5,148.2,46.0
33.5,148.2,45.4
33.3,148.4,45.2
33.2,148.7,44.8
33.2,148.7,44.8
33.2,148.5,44.8
33.2,148.5,44.2
33.2,149.0,43.6
33.3,149.0,43.6
33.3,149.0,43.6
33.4,149.1,43.2
33.3,149.2,43.0
33.4,149.5,43.1
33.4,149.5,42.7
33.5,149.8,42.7
33.5,149.8,42.9
33.7,149.8,42.9
33.7,149.8,42.9
33.7,149.9,43.3
33.9,149.9,43.3
33.9,149.9,43.3
33.9,149.9,43.3
33.9,149.9,43.3
33.9,150.1,43.5
34.0,150.0,43.5
34.0,150.0,43.9
34.1,150.1,43.9
34.1,150.1,44.1
34.2,150.1,44.5
34.2,150.1,44.5
34.2,150.1,44.5
34.3,149.9,44.9
34.5,149.7,45.3
34.5,149.8,45.3
34.3,149.8,45.5
34.3,149.8,45.5
34.0,149.8,45.5
34.0,149.8,45.9
33.8,149.6,45.9
33.8,149.6,46.1
33.8,149.6,46.1
33.9,149.5,46.4
33.5,149.6,47.0
33.6,149.5,47.0
33.4,149.5,47.0
33.4,149.5,47.0
33.4,149.5,47.4
33.3,149.6,47.4
33.3,149.6,47.4
32.9,149.7,47.4
32.9,149.7,47.4
34.9,146.3,47.5
34.8,146.3,47.9
34.9,146.5,47.9
34.9,146.5,47.9
34.9,146.5,48.5
35.1,146.7,48.5
34.9,146.6,48.5
31.9,149.9,49.5
32.2,149.6,49.4
35.0,146.7,49.5
35.0,146.7,49.5
35.0,146.8,49.5
32.2,149.7,50.0
32.2,150.1,50.3
32.2,150.1,50.3
32.2,150.1,50.3
32.3,150.0,50.3
32.3,150.0,50.7
32.6,150.0,51.1
32.6,150.0,51.1
32.6,150.2,51.1
32.8,150.3,50.9
32.8,150.3,50.9
32.8,150.3,50.9
32.7,150.4,50.7
32.7,150.7,50.7
33.1,150.7,50.7
35.1,146.9,50.5
35.1,146.8,50.3
33.3,150.8,50.5
33.3,150.7,50.5
33.2,150.7,50.7
33.2,150.7,50.7
33.3,150.7,50.7
35.6,147.6,50.3
33.4,150.8,50.5
33.4,150.7,50.3
33.4,150.8,50.3
33.2,150.5,50.3
33.2,150.5,50.3
33.1,150.2,50.3
33.1,150.2,50.3
33.1,150.3,50.3
32.9,149.6,50.4
33.0,149.6,50.2
33.0,149.6,50.2
33.0,149.6,50.2
33.0,149.6,50.2
33.0,149.6,50.4
33.0,149.6,50.4
32.8,149.4,50.4
32.7,149.2,50.2
32.6,149.2,50.2
32.6,149.2,50.2
32.6,149.2,50.2
32.6,149.2,50.4
32.6,149.2,50.4
32.6,149.2,50.4
32.7,149.3,50.2
32.6,149.4,50.2
32.7,149.5,50.2
32.8,149.6,50.2
32.8,149.6,50.2
32.8,149.6,50.2
33.0,149.5,50.2
33.0,149.5,50.4
33.0,149.5,50.4
33.0,149.5,50.4
33.2,149.6,50.4
33.2,149.7,50.4
33.2,149.7,50.2
33.2,149.8,50.2
33.2,149.8,50.2
33.2,149.8,50.4
33.3,149.9,50.2
33.4,150.0,50.3
33.4,150.0,50.3
33.4,150.0,50.3
33.4,150.0,50.3
33.4,150.1,50.3
33.4,150.1,50.3
33.4,150.1,50.3
33.4,150.1,50.3
33.5,150.3,50.3
33.5,150.3,50.3
33.5,150.3,50.3
33.6,150.4,50.3
33.6,150.4,50.3
33.6,150.4,50.3
33.6,150.4,50.3
33.6,150.5,50.3
33.6,150.5,50.3
33.6,150.5,50.3
33.6,150.5,50.3
33.8,150.7,50.3
33.8,150.7,50.3
33.8,150.7,50.3
33.8,150.7,50.3
33.8,150.7,50.3
33.8,150.7,50.3
33.8,150.8,50.3
33.8,150.8,50.3
33.8,150.8,50.3
33.8,150.8,50.3
33.7,150.9,50.3
33.7,150.9,50.3
33.7,150.9,50.3
33.7,150.8,50.3
33.7,150.7,50.3
33.7,150.7,50.3
33.8,150.4,50.3
33.8,150.4,49.3
33.9,150.0,48.5
33.9,150.0,48.5
33.7,150.2,46.3
33.7,150.1,43.3
32.9,151.0,41.3
33.9,149.8,41.3
33.9,149.8,41.3
33.9,149.8,39.1
34.1,149.4,35.5
33.1,150.4,35.5
34.9,148.6,33.3
34.3,149.2,33.3
34.3,149.2,28.9
34.0,149.1,28.9
34.0,149.1,28.9
34.0,149.1,24.7
33.9,149.1,20.3
32.8,150.3,18.1
33.1,149.7,18.1
33.1,149.7,15.7
33.5,149.3,15.8
33.5,149.3,11.8
33.2,149.3,11.8
33.2,149.3,9.4
33.2,149.3,9.4
32.6,149.9,9.3
35.0,150.9,3.1
33.2,148.6,3.7
33.1,149.1,3.8
33.1,149.2,3.8
33.2,149.4,3.0
33.0,149.0,3.0
33.0,149.2,3.0
33.0,149.0,3.0
33.0,149.1,3.0
33.0,149.1,3.0
33.0,149.1,3.0
33.0,149.1,3.0
33.0,149.1,3.0
32.9,149.2,3.0
33.0,149.0,3.0
33.0,149.1,3.0
33.0,149.1,3.0
33.0,149.1,3.0
33.0,149.1,3.0
33.0,149.1,3.0
30.6,150.4,3.1
30.6,150.4,3.1
30.6,150.4,3.1
30.6,150.4,3.1
30.6,150.4,3.1
33.0,149.1,3.0
33.0,149.1,3.0
33.0,149.1,3.0
33.0,149.1,3.0
33.0,149.1,3.0
33.0,149.1,3.0
33.0,149.2,3.0
33.0,149.2,3.2
33.0,149.2,3.2
33.1,149.1,3.0
33.0,149.2,3.0
33.0,149.0,3.0
30.5,150.4,2.9
30.5,150.4,2.9
30.5,150.4,3.1
30.5,150.4,2.9
33.0,149.0,3.2
33.1,149.3,3.0
33.0,149.2,3.0
33.0,149.0,3.0
33.0,149.0,3.0
33.0,149.2,3.2
30.8,150.2,3.1
30.8,150.3,3.1
33.0,149.1,3.2
33.1,149.1,3.0
33.0,149.1,3.0
33.0,149.1,3.0
33.0,149.2,3.0
33.0,149.2,3.0
30.6,150.4,2.9
30.6,150.4,2.9
30.6,150.4,2.9
30.6,150.4,2.9
30.6,150.4,2.9
33.0,149.0,3.0
33.0,149.1,3.0
32.9,149.1,3.0
32.9,149.1,3.0
30.7,150.3,2.9
30.7,150.2,3.1
30.8,150.1,2.9
30.7,150.2,3.1
30.7,150.2,3.1
30.6,150.2,3.1
30.6,150.2,3.1
30.8,150.3,2.9
30.7,150.3,2.9
30.7,150.3,2.9
30.7,150.3,2.9
30.6,150.4,3.1
30.6,150.4,3.1
30.6,150.4,3.1
30.6,150.4,2.9
30.6,150.4,2.9
30.6,150.3,2.9
